5.820284857059999922e+04	5.790045176119418269e-01	6.792560571356666410e-03
5.820385135420000006e+04	5.825370867993584501e-01	6.829897493762499341e-03
5.820486364584999683e+04	5.757606845206083568e-01	6.758239214084998947e-03
5.820588603589999548e+04	5.659749872789084923e-01	6.654972849998999455e-03
5.820689706600000500e+04	5.665033886119418272e-01	6.660473272364999565e-03
5.820790731485000288e+04	5.627069967524084282e-01	6.620445530061999477e-03
5.820841697920000297e+04	5.573419077176084979e-01	6.563810466269999824e-03
5.821035891779999656e+04	5.642860047797513268e-01	6.637089616744286380e-03
5.821138116319999972e+04	5.729589855996084502e-01	6.728639267844285614e-03
5.821428407410000364e+04	5.717574767046084139e-01	6.715923154060000379e-03
5.822333100114999979e+04	5.694991437646084176e-01	6.692078387414999996e-03
5.822733406249999825e+04	5.649732310486084153e-01	6.644295568820000365e-03
5.822931793979999929e+04	5.492781475416084191e-01	6.478867547109999799e-03
5.823185281830000167e+04	5.531551359022084391e-01	6.519716436911999688e-03
5.823330388885000139e+04	5.595839889296083669e-01	6.587510012384999690e-03
5.823480295135000051e+04	5.652535782951292331e-01	6.647276050911043316e-03
5.823533271990000503e+04	5.675597593941084096e-01	6.671596020414999675e-03
5.823693224539999937e+04	5.647726732015546647e-01	6.642218155949138232e-03
5.824280564235000202e+04	5.545870630116084277e-01	6.534812131216666091e-03
5.824425103004999983e+04	5.600187796342751545e-01	6.592101846716667650e-03
5.824533278354999493e+04	5.816352379711084986e-01	6.820350876070000595e-03
5.824633339120000164e+04	5.828804415986084120e-01	6.833515816899999977e-03
5.824782586810000066e+04	5.916744784666083667e-01	6.926621639485000537e-03
5.824877469325000129e+04	5.937665328609418314e-01	6.948794406539999906e-03
5.824935684029999538e+04	6.099449706851085562e-01	7.120432026744999768e-03
5.825529380210000090e+04	6.175064905418584660e-01	7.200969425352500390e-03
5.825832079284999782e+04	6.229933878853585183e-01	7.259190084185000551e-03
5.826227711809999892e+04	6.248760761066084468e-01	7.279184682519999894e-03
5.826619553240000096e+04	5.905720252646085022e-01	6.914942539930000326e-03
5.826925511574999837e+04	6.245185124641083885e-01	7.275435546935000129e-03
5.827224032404999889e+04	6.196607307363584116e-01	7.223716711707500911e-03
5.827374040510000486e+04	6.209539890746085256e-01	7.237531941944999603e-03
5.827426518519999809e+04	6.212082284696085477e-01	7.240165832500000155e-03
5.827576348380000127e+04	6.195909583943584042e-01	7.222980081907500252e-03
5.827778013885000109e+04	6.046408698718583885e-01	7.064133640402500344e-03
5.827883079865000036e+04	6.047968785346085063e-01	7.065771801805000203e-03
5.828073514464999607e+04	6.047596234430084872e-01	7.065407347932000162e-03
5.828178800924999814e+04	6.031880897899417615e-01	7.048704739406667225e-03
5.828374122104999697e+04	5.996736436109417756e-01	7.011468245789999332e-03
5.828623899304999941e+04	5.858991335579418758e-01	6.865464718479999395e-03
5.828869337959999393e+04	5.687975101068585282e-01	6.684671794907499735e-03
5.828977644100000180e+04	5.624530470096085200e-01	6.617707950725000045e-03
5.829269177659999696e+04	5.579735462918584687e-01	6.570471691089999067e-03
5.829518502889999945e+04	5.523482240661085063e-01	6.511210559389999514e-03
5.829617726850000327e+04	5.431330295431084920e-01	6.414237392034999666e-03
5.829770258105000539e+04	5.394714695546084515e-01	6.375739397135000291e-03
5.829870191550000163e+04	5.337284518846083792e-01	6.315371800445000391e-03
5.830219412615000329e+04	5.783283404116084103e-01	6.785407759625000298e-03
5.830519539349999832e+04	5.718256042676084228e-01	6.716642497240000141e-03
5.830819325229999959e+04	5.661969176496084444e-01	6.657209579329999641e-03
5.831175829284999782e+04	5.822341941929417564e-01	6.826703319380000683e-03
5.831373491320000176e+04	5.825797430023584855e-01	6.830341889917500124e-03
5.831617093749999913e+04	5.860765144156084849e-01	6.867339293420000185e-03
5.831919739005000156e+04	5.871164961939417948e-01	6.878363917863333267e-03
5.832118888884999615e+04	5.697430931221084682e-01	6.694652087885000213e-03
5.832427747690000251e+04	5.527393978366084148e-01	6.515315430780000035e-03
5.832617120370000339e+04	5.582579953326084476e-01	6.573467021030000162e-03
5.833417930560000241e+04	5.990738756276084986e-01	7.005051781289999696e-03
5.833717254629999661e+04	5.877842380616085105e-01	6.885419304089999970e-03
5.834720393519999925e+04	5.910328232106084601e-01	6.919822982930000366e-03
5.847253715280000324e+04	5.637740144776084428e-01	6.631640232040000339e-03
5.848052690969999821e+04	5.623391696496085057e-01	6.616503510379999689e-03
5.848750741900000139e+04	5.590829269216084363e-01	6.582164614799999695e-03
5.849151349540000228e+04	5.660193634176085009e-01	6.655335409720000185e-03
5.849452937499999825e+04	5.916493117486084641e-01	6.926354001950000075e-03
5.850248589119999815e+04	5.858581016966084576e-01	6.865028092000000082e-03
5.850548587959999713e+04	6.158712053786085106e-01	7.183402638959999684e-03
5.851148984950000158e+04	6.148995395886084347e-01	7.173074250160000123e-03
5.852251614580000023e+04	6.130257789386084344e-01	7.153161352740000298e-03
5.852646894679999969e+04	6.233361596866084930e-01	7.262796652679999639e-03
5.853989020834999974e+04	5.990725528449417636e-01	7.005084033403333015e-03
5.854043016200000420e+04	5.777184701796085342e-01	6.778956640994999311e-03
5.854143914349999977e+04	5.879087430496084954e-01	6.886737160969999896e-03
5.854738652200000070e+04	5.856270588853584869e-01	6.862586070337500094e-03
5.855688696180000261e+04	6.039921079351084909e-01	7.057246212365000243e-03
5.855841860530000122e+04	5.825643892441084715e-01	6.830181355314999918e-03
5.856026088539999910e+04	5.851135914751084410e-01	6.857153940452500110e-03
5.856131662615000096e+04	5.925454939121084230e-01	6.935867349795000331e-03
5.856233377309999923e+04	5.945584410576084666e-01	6.957180371090000183e-03
5.856778914349999832e+04	6.079297376524418484e-01	7.099213044749999764e-03
5.857235717015000409e+04	6.067626573723584604e-01	7.086650172722499391e-03
5.857386642360000405e+04	6.196437835212751377e-01	7.223528220726666005e-03
5.857531738429999677e+04	6.333966762042751997e-01	7.370002554346666290e-03
5.858036086805000377e+04	6.242700218911083621e-01	7.272749991330000954e-03
5.858131288769999810e+04	6.234185650211083729e-01	7.263674103219999734e-03
5.858234578699999838e+04	6.285019768496085124e-01	7.317795798455000236e-03
5.858382909145000303e+04	6.280644928222084422e-01	7.313132224887999681e-03
5.858527503469999647e+04	6.338358851336084454e-01	7.374605122940000416e-03
5.858687980904999858e+04	6.310804191582751743e-01	7.345257334413333832e-03
5.858744185190000280e+04	6.286678692946084945e-01	7.319552466640000081e-03
5.858941630789999908e+04	6.312140446926084447e-01	7.346670877049999923e-03
5.859125933450000593e+04	6.313668744266084376e-01	7.348301689780000270e-03
5.859245168980000017e+04	6.115421472836084504e-01	7.137397458669999736e-03
5.859426127314999758e+04	6.151054991626084822e-01	7.175303842353333850e-03
5.859632871529999829e+04	6.233168821523584757e-01	7.262626246784999878e-03
5.859778276624999853e+04	6.257514355768085679e-01	7.288542968433999944e-03
5.859881492474999686e+04	6.239123858491084640e-01	7.268939373000000113e-03
5.860642912040000374e+04	6.281776337791085130e-01	7.314340752312499527e-03
5.860784934025000257e+04	6.282062328046085220e-01	7.314636929434999678e-03
5.861228590859999531e+04	6.397549025229417596e-01	7.437744987343332566e-03
5.861671752895000100e+04	6.306439801320083971e-01	7.340667025730000968e-03
5.861739766205000342e+04	6.281150915511084509e-01	7.313667094590000153e-03
5.862821579860000202e+04	6.215115710736084376e-01	7.243384737930000372e-03
5.863532431709999946e+04	6.291912055406084781e-01	7.325149164359999986e-03
5.863625414930000261e+04	6.248102758442751758e-01	7.278503521543334097e-03
5.863771482059999835e+04	6.290960680422752471e-01	7.324126478573333120e-03
5.863877934024999558e+04	6.224395043068083888e-01	7.253277596875999829e-03
5.864075728010000603e+04	6.229999576432083686e-01	7.259262645627999680e-03
5.864223788770000101e+04	6.242630166516084378e-01	7.272672943045000588e-03
5.864369914350000181e+04	6.241811114034417907e-01	7.271813348051666716e-03
5.865019405089999782e+04	6.299450863016085034e-01	7.333154807430000179e-03
5.865218164350000006e+04	6.081957645206084173e-01	7.102075638240000141e-03
5.865376302664999821e+04	6.125515516721085074e-01	7.148136279123332333e-03
5.865478385994999553e+04	6.200653782688585469e-01	7.228024095367499915e-03
5.865719456019999780e+04	6.222774560656084697e-01	7.251532895899999789e-03
5.866019260419999773e+04	6.164072699866084415e-01	7.189101899769999651e-03
5.866221363430000201e+04	6.308628860806084759e-01	7.342930754030000014e-03
5.866321781830000691e+04	6.188219658471084683e-01	7.214778858245000058e-03
5.866519385419999890e+04	6.269422589166084858e-01	7.301179279910000215e-03
5.866621804395000072e+04	6.260816483092750406e-01	7.292026820559999352e-03
5.866820579859999998e+04	6.278784735346084611e-01	7.311146818520000180e-03
5.867317627309999807e+04	5.905572804846084267e-01	6.914785703939999723e-03
5.867629531249999854e+04	5.540104687816084228e-01	6.528704529919999999e-03
5.867917626159999782e+04	6.035679953936085029e-01	7.052729488480000142e-03
5.868217107640000177e+04	6.064072692626084615e-01	7.082865584420000062e-03
5.868519273149999935e+04	6.074936390346085124e-01	7.094398840410000295e-03
5.869122192129999894e+04	5.863014466606084607e-01	6.869721168070000265e-03
5.869422457179999765e+04	5.987924536556085142e-01	7.002067943260000329e-03
5.870815824070000235e+04	5.725508524036084790e-01	6.724303888849999730e-03
5.871119917824999720e+04	5.668122123956085279e-01	6.663751028669999410e-03
5.871515692129999661e+04	5.643201595656084368e-01	6.637403650420000030e-03
5.871815868059999775e+04	5.748225672396084507e-01	6.748307358630000093e-03
5.872315581019999809e+04	6.149711713696084381e-01	7.173835510660000331e-03
5.872616107639999973e+04	6.181773792586084948e-01	7.207921803120000137e-03
5.873417372690000047e+04	6.042826842846085178e-01	7.060313608860000097e-03
5.874913475689999905e+04	6.619945784756084972e-01	7.675226998409999911e-03
5.876110252310000214e+04	6.945343976576084932e-01	8.023972665089999443e-03
5.883057172449999780e+04	6.327801560376085099e-01	7.363355674180000268e-03
5.884655260419999831e+04	6.681989992776085074e-01	7.741612093280000190e-03
5.885054800930000056e+04	6.579461249346084672e-01	7.631938080909999624e-03
5.885352699069999653e+04	6.442724156486084874e-01	7.485895608359999752e-03
5.885648797455000022e+04	6.317718320506084950e-01	7.352742247589999502e-03
5.886345385420000093e+04	6.702665336556085096e-01	7.763747356649999994e-03
5.887244525460000295e+04	7.346041469666084733e-01	8.455322536619999663e-03
5.887546129630000360e+04	7.278831951806085110e-01	8.382829529830000681e-03
5.887852640049999900e+04	7.200997062486084177e-01	8.298946641819999678e-03
5.888150687499999913e+04	7.202362195986085069e-01	8.300416733899999497e-03
5.888447585650000110e+04	7.268495941916084391e-01	8.371685833170000243e-03
5.888747560189999786e+04	7.110870639946084149e-01	8.201912344050000733e-03
5.889056165509999846e+04	7.323482756486084932e-01	8.430984868760000445e-03
5.889349974539999675e+04	7.123835896006084356e-01	8.215865545480000726e-03
5.890654042820000177e+04	7.742608744506084273e-01	8.884195239930000459e-03
5.891142843749999884e+04	7.611217603396084330e-01	8.741889823369999868e-03
5.893646744210000179e+04	7.355648795036084930e-01	8.465689248420000049e-03
5.894147712960000354e+04	7.146346812456084718e-01	8.240095554659999585e-03
5.894342358799999784e+04	6.987921457186084817e-01	8.069709515109999357e-03
5.894447410880000098e+04	6.934698136386084899e-01	8.012540557950000725e-03
5.895438262730000133e+04	7.286557136466084161e-01	8.391159661210000412e-03
5.895589037039999675e+04	7.243946428801084636e-01	8.345227059520000240e-03
5.896284583915000258e+04	7.188341245314656680e-01	8.285324817387142507e-03
5.896385031824999896e+04	7.150630891371084763e-01	8.244712082187499388e-03
5.896481746525000199e+04	7.103004505006084157e-01	8.193453624989998837e-03
5.896590428240000620e+04	7.084978817446084820e-01	8.174059964575000614e-03
5.896685243055000319e+04	7.240431281242750705e-01	8.341474665536667207e-03
5.896830017360000056e+04	7.270614815191084324e-01	8.373996060697498980e-03
5.897029427085000498e+04	7.463840622396084035e-01	8.582542647196668081e-03
5.897179988425000192e+04	7.495843953186084319e-01	8.617164904989999680e-03
5.897325037034999696e+04	7.580720416529417305e-01	8.708908313429998549e-03
5.897486230325000361e+04	7.747436400779418308e-01	8.889486290736667642e-03
5.897620211810000183e+04	7.647852420166084686e-01	8.781546990520000540e-03
5.897819681709999713e+04	7.779638924616084639e-01	8.924337417420000543e-03
5.897973501155000122e+04	7.636166457786084383e-01	8.768962790600000334e-03
5.898529774310000357e+04	7.645519463446084352e-01	8.779020578630000043e-03
5.899130396990000008e+04	7.707300876536085088e-01	8.845933973670000797e-03
5.899425481479999871e+04	7.815349951156084218e-01	8.963067812549999416e-03
5.899722634259999904e+04	8.048761063486085110e-01	9.216566510270000553e-03
5.900026958914999705e+04	7.984307532831085297e-01	9.146507337069998550e-03
5.900924710649999906e+04	7.891792683086085169e-01	9.046019749340000402e-03
5.901229895830000169e+04	8.043638061956084329e-01	9.210996650550000095e-03
5.901620259259999875e+04	7.958261427606084792e-01	9.118204528480000626e-03
5.901925850689999788e+04	7.960574910766085033e-01	9.120716452209999547e-03
5.902523512730000220e+04	8.006727058226084104e-01	9.170868992340000525e-03
5.902869604745000106e+04	7.943741790451084306e-01	9.102437200660000449e-03
5.903117606479999813e+04	7.849296645576084863e-01	8.999895559040000867e-03
5.903419931709999946e+04	7.510209050746085024e-01	8.632632956419999948e-03
5.903571101849999832e+04	7.494149369471084787e-01	8.615280490889999990e-03
5.903722688660000131e+04	7.484641284166084763e-01	8.604996296489999391e-03
5.903872916664999502e+04	7.534096879656084766e-01	8.658464102355000608e-03
5.904022935190000135e+04	7.577558546946084883e-01	8.705469088019999677e-03
5.904219909719999850e+04	7.560521668436084308e-01	8.687038244870000370e-03
5.904320493059999717e+04	7.520209456336084397e-01	8.643443075859999492e-03
5.904573064234999765e+04	7.658837600306085402e-01	8.793494153269999780e-03
5.904872778359999938e+04	7.582219216031084175e-01	8.710517272010000547e-03
5.905069225120000192e+04	7.705570451821084355e-01	8.844059646685000289e-03
5.905274272569999448e+04	7.767314062786084827e-01	8.910975700495000346e-03
5.905426789350000035e+04	7.760623863346084450e-01	8.903722824550000525e-03
5.906418400459999975e+04	7.495176609246084753e-01	8.616382857430000819e-03
5.909316321759999846e+04	7.188013812296084604e-01	8.284961553430000153e-03
5.918550388889999886e+04	6.036654890386085048e-01	7.053763028249999782e-03
5.918754358800000045e+04	6.587620615536085023e-01	7.640660912949999960e-03
5.918951597220000258e+04	5.827272064336084245e-01	6.831893697929999724e-03
5.919454491899999994e+04	6.243114660796084125e-01	7.273176421450000019e-03
5.919854668980000133e+04	6.421979339186084657e-01	7.463762066219999623e-03
5.920354875000000175e+04	6.377356566586084297e-01	7.416172497739999779e-03
5.921551324069999828e+04	6.396849863566084204e-01	7.436958004489999975e-03
5.921753568290000112e+04	6.430576115196084963e-01	7.472933215469999661e-03
5.921944956020000245e+04	6.599867499906084678e-01	7.653754934159999815e-03
5.922151630789999763e+04	6.556618193756084123e-01	7.607521894049999733e-03
5.922404681129999517e+04	6.639952499882750825e-01	7.696647578053332668e-03
5.922748609949999809e+04	6.594802889966084880e-01	7.648339184049999726e-03
5.922955663189999905e+04	6.925134001496084935e-01	8.002271668840000782e-03
5.923144776619999902e+04	6.680237774656084815e-01	7.739738167500000328e-03
5.924944726850000006e+04	6.968366027866084167e-01	8.048700456480000279e-03
5.925142884259999846e+04	6.862561321836084804e-01	7.935116694870000820e-03
5.925352876159999869e+04	6.846160246636084912e-01	7.917522720829999611e-03
5.926252695600000152e+04	6.961375685286084192e-01	8.041191224549999739e-03
5.926542730319999828e+04	6.951214606006084207e-01	8.030277722210000732e-03
5.926738384260000021e+04	6.948875401066084700e-01	8.027765040469999822e-03
5.926945530090000102e+04	6.953739850956084378e-01	8.032990257950000171e-03
5.927142759259999730e+04	7.153256800776084390e-01	8.247534869029999813e-03
5.927340163190000021e+04	7.093059753056084604e-01	8.182749833460000247e-03
5.927834395835000032e+04	7.177978846351085185e-01	8.274156607495000010e-03
5.928039405090000218e+04	7.107910350976084368e-01	8.198728025090000135e-03
5.929040395829999761e+04	6.866216251816084082e-01	7.939037765000000330e-03
5.929196348380000563e+04	7.022966841981084229e-01	8.107376017005001045e-03
5.929530315970000083e+04	6.708935298616084397e-01	7.770460050359999891e-03
5.929783435185000417e+04	6.764279877392750384e-01	7.829753162026666449e-03
5.930036760995000077e+04	6.793199756316083970e-01	7.860817965875000618e-03
5.930236254049999843e+04	6.877708479546085218e-01	7.951551661365000370e-03
5.930582325230000424e+04	6.877613299236084998e-01	7.951267683075000786e-03
5.930732498264999595e+04	7.001479110906084768e-01	8.084280128924998393e-03
5.930884989004999807e+04	6.997936743189417941e-01	8.080491823310000446e-03
5.931087975695000205e+04	7.083483732079417505e-01	8.172449140276667051e-03
5.931280192709999392e+04	7.139136541386084112e-01	8.232346384559999924e-03
5.931725821759999963e+04	7.096290541116084816e-01	8.186225409539999234e-03
5.932138356480000220e+04	7.106688035186085051e-01	8.197412197710000556e-03
5.932337770830000227e+04	7.053959704769418027e-01	8.140700493036666027e-03
5.932486667244999990e+04	6.977026516139417378e-01	8.058018955860000651e-03
5.932830145255000389e+04	6.794428947481084835e-01	7.862054473985000819e-03
5.932940725694999855e+04	6.819240416876084510e-01	7.888675323420000357e-03
5.933146628469999996e+04	6.945865013476084648e-01	8.024531579540000736e-03
5.933434901620000164e+04	6.759930613981084413e-01	7.825084741495000329e-03
5.933577013309999893e+04	6.805201209618584324e-01	7.873606584214999302e-03
5.933640221059999749e+04	6.818924264866084162e-01	7.888314417689999344e-03
5.933878385414999502e+04	6.847474690451085255e-01	7.918947959777499629e-03
5.933988777780000237e+04	6.874499981736084120e-01	7.947939263277499847e-03
5.934132515045000036e+04	6.884344622131084446e-01	7.958492392535000334e-03
5.934236199649999617e+04	6.907129595402751177e-01	7.982957771166665842e-03
5.934385510415000317e+04	6.859424928352751971e-01	7.931769010949999560e-03
5.934586335650000547e+04	6.929623760982751568e-01	8.007098457469998334e-03
5.934923663189999934e+04	7.119730357196084602e-01	8.211447080889999750e-03
5.935334899884999322e+04	7.071183276661083816e-01	8.159226686129998629e-03
5.935483276040000055e+04	7.192947649211084427e-01	8.290292871055000151e-03
5.935630164930000319e+04	7.200398730756084609e-01	8.298348635809998930e-03
5.935884107059999951e+04	7.187286482032752000e-01	8.284213391796664896e-03
5.936175258100000065e+04	7.403849406909418507e-01	8.517722477743332882e-03
5.936374127895000129e+04	7.385981418041084323e-01	8.498429316559998753e-03
5.936475529514999653e+04	7.359227612756084058e-01	8.469613565826665871e-03
5.936578916089999984e+04	7.453407650369417992e-01	8.571327308633332545e-03
5.936774300349999976e+04	7.561312885151084684e-01	8.687898667835000296e-03
5.937024497690000135e+04	7.557048870236084959e-01	8.683282933410000834e-03
5.937576067129999865e+04	7.468082220946083982e-01	8.587109794249999858e-03
5.937775511574999837e+04	7.467391159989417160e-01	8.586371352376666669e-03
5.937928791085000557e+04	7.456862870711085112e-01	8.574980125310001366e-03
5.938326099539999996e+04	7.444006410626085035e-01	8.561090228949999950e-03
5.938528580435000185e+04	7.259904309906084485e-01	8.362438361869999059e-03
5.938679799769999954e+04	7.220708643721085451e-01	8.320199322724999846e-03
5.938730868059999921e+04	7.211985269616084659e-01	8.310784042360000803e-03
5.939070754054999998e+04	7.067865661246084397e-01	8.155660551129999616e-03
5.939121581020000303e+04	7.066865725996084313e-01	8.154572993319999727e-03
5.939222223379999923e+04	7.170096502616084555e-01	8.265666386990000447e-03
5.939374872104999667e+04	7.077899399968584637e-01	8.166458518349999779e-03
5.939523659144999692e+04	6.917316795526085027e-01	7.994007476439999454e-03
5.939673918979999871e+04	6.922602382836084978e-01	7.999603597814999856e-03
5.939723969909999869e+04	6.762601348726084982e-01	7.827943045489999321e-03
5.939924395254999399e+04	6.713817411811084934e-01	7.775809010035000454e-03
5.940074638889999915e+04	6.577293420512752009e-01	7.629815428773333540e-03
5.940277461224999570e+04	6.776462339879417707e-01	7.842799634730000455e-03
5.940432949070000177e+04	6.861290319746085054e-01	7.933752633130000328e-03
5.940620527779999975e+04	6.905210727426084327e-01	7.980882727060000653e-03
5.940819339120000222e+04	6.930461853566084462e-01	8.007992421719999435e-03
5.940972344909999811e+04	6.762109522526085215e-01	7.827420361074999625e-03
5.941224700229999871e+04	6.871528966126084770e-01	7.944737780300000288e-03
5.941526890049999929e+04	6.880582290216085140e-01	7.954452493669999721e-03
5.941922228585000266e+04	6.831687051076085204e-01	7.902020431985000773e-03
5.942320045140000002e+04	6.626087312156084819e-01	7.681796654335000529e-03
5.942473263310000038e+04	6.516679123596084144e-01	7.564855539626667673e-03
5.942773035299999901e+04	6.484269740409417393e-01	7.530242305426666956e-03
5.942973171295000066e+04	6.423347118829417779e-01	7.465311160513333176e-03
5.943422604169999977e+04	6.236911888976084395e-01	7.266574922940000070e-03
5.943624357639999653e+04	6.121201426286084768e-01	7.143538671860000418e-03
5.944121935189999931e+04	6.198581274916085126e-01	7.225795925560000305e-03
5.944817780089999724e+04	6.239905510636084562e-01	7.269760989529999717e-03
5.944921261570000206e+04	6.273531358046084971e-01	7.305554162180000026e-03
5.945071829279999656e+04	6.151405067646085190e-01	7.175676391905000395e-03
5.945417366900000343e+04	6.066611591396084968e-01	7.085560174050000402e-03
5.945519834490000358e+04	6.165484113566084279e-01	7.190601411679999576e-03
5.946319548609999765e+04	6.170923919736084340e-01	7.196385298769999647e-03
5.947116519680000056e+04	6.138968934486084272e-01	7.162417864669999579e-03
5.960043254049999814e+04	7.627492166516084415e-01	8.759553859339999984e-03
5.962198394099999859e+04	7.904629738706084874e-01	9.059959442994999432e-03
5.962350689235000027e+04	7.759988105206083731e-01	8.903068589714999148e-03
5.962494901620000019e+04	7.874920023896084809e-01	9.027724945683332849e-03
5.962792523730000539e+04	7.833577616641085317e-01	8.982870497969999007e-03
5.962993719905000034e+04	7.882611740549417823e-01	9.036088002353332219e-03
5.963695037039999443e+04	8.153650348291084926e-01	9.330691300359999357e-03
5.963893068284999754e+04	8.131022611146084822e-01	9.306124116790000234e-03
5.964093631370000367e+04	7.888562909429418513e-01	9.042514973556665600e-03
5.967188961230000132e+04	7.844029544922751507e-01	8.994272304063332876e-03
5.967537011570000323e+04	7.785755569526084940e-01	8.930970545839999816e-03
5.967733785879999778e+04	7.629888661446084797e-01	8.762098713959999910e-03
5.967930686340000102e+04	7.538426709256084157e-01	8.663141622020000682e-03
5.968238309029999800e+04	7.656871715096084108e-01	8.791312740270000592e-03
5.968444655090000015e+04	7.635729837586084923e-01	8.768422227180000181e-03
5.968786379630000010e+04	7.668277573251085499e-01	8.803698805204998590e-03
5.968980943285000103e+04	7.753489278876084523e-01	8.896037501040000156e-03
5.969037116319999768e+04	7.695609157671083889e-01	8.833268694229999898e-03
5.969390806129999692e+04	7.627460244231083486e-01	8.759500307979999068e-03
5.969442270830000052e+04	7.708464782816084604e-01	8.847194875109999287e-03
5.969628703125000175e+04	7.529153362532751137e-01	8.653123485386667035e-03
5.969735181130000274e+04	7.541161167201084758e-01	8.666119234455000458e-03
5.969987568864999776e+04	7.466852872974084621e-01	8.585799198486000067e-03
5.970179876735000289e+04	7.426406649182750730e-01	8.542112496986666373e-03
5.970232225689999905e+04	7.452247140926084867e-01	8.569992650369999410e-03
5.971124064809999982e+04	6.915192982196084470e-01	7.991599139320000253e-03
5.971334440970000287e+04	7.117380318026084174e-01	8.208918113009999740e-03
5.972233157409999694e+04	7.188263338906084599e-01	8.285237214529998784e-03
5.972434524309999688e+04	7.138802972016085047e-01	8.231975099130000098e-03
5.972631959490000008e+04	7.103169283166084202e-01	8.193626582609999168e-03
5.972938024310000037e+04	7.067555533456084671e-01	8.155314467550000765e-03
5.973132347219999792e+04	7.047986673346084974e-01	8.134271942869999300e-03
5.973330400460000237e+04	7.132489328746084434e-01	8.225179286610000487e-03
5.973527581020000071e+04	7.064441447346084813e-01	8.151965693909999505e-03
5.973719263890000002e+04	6.834069133616084146e-01	7.904555099820000097e-03
5.973934270829999878e+04	6.900606232996084888e-01	7.975941627029999384e-03
5.974123706020000100e+04	7.017419896966085036e-01	8.101411080300000359e-03
5.974326245370000106e+04	6.960427647656084460e-01	8.040172356959999697e-03
5.974728908560000127e+04	7.084346282486084778e-01	8.173375099270000291e-03
5.974928045140000177e+04	6.944493942026084277e-01	8.023060470949999745e-03
5.975122603009999875e+04	6.803612289856084683e-01	7.871897974700000494e-03
5.975326560189999873e+04	6.883981003276085087e-01	7.958097942839999564e-03
5.975626439810000011e+04	6.861205594086084991e-01	7.933661978059999148e-03
5.976023967589999666e+04	6.812154631196084553e-01	7.881055874649999654e-03
5.976222153940000135e+04	6.929825593246085047e-01	8.007308591670000628e-03
5.976627814809999836e+04	6.916982065586084749e-01	7.993520238829999666e-03
5.976929355899999791e+04	6.978607767771085602e-01	8.059740674995000131e-03
5.977130405089999840e+04	7.043179689786084330e-01	8.129389404719999587e-03
5.978621393520000129e+04	6.960125400116085048e-01	8.039848267369999885e-03
5.993053232640000351e+04	5.918602585326084853e-01	6.928589412009999657e-03
5.993549262730000191e+04	6.283511262746084292e-01	7.316179804100000038e-03
