58226.36592015	0.15309793085755263	0.01706474059718188
58229.378206	0.14320368158551566	0.016969911812923195
58232.3567361	0.1510062905272408	0.01766941136937968
58243.2957292	0.14875284572866465	0.017786288333745338
58246.2532755	0.16270818147009802	0.01806383358005594
58255.2931481	0.15883357979507695	0.01800575103723202
58258.252037	0.14668043955980092	0.01783143941867355
58270.2990162	0.14144254913552856	0.017621896878598615
58273.3166551	0.1673599590750675	0.01803247043924059
58276.2756944	0.16797727705969712	0.017986146803632228
58279.253206	0.16755694875384475	0.01782187844759056
58282.2103588	0.17823769849855553	0.01778616704168056
58288.2540162	0.1685086603301481	0.017778491654356913
58291.2353009	0.15057298069692338	0.017386706014009157
58297.2900231	0.1319607598403214	0.017110679446162697
58300.1741782	0.13242517307917445	0.01722902336581359
58303.17375	0.1220582680600456	0.017227972211796946
58306.1911458	0.1295964523343332	0.016996925318276804
58312.1911343	0.12091853893707916	0.01811425090411497
58315.2358333	0.13095882472273357	0.017943296801697043
58328.2425868	0.16396954607443825	0.018310451409996216
58331.1875463	0.16733257606024288	0.017903141985859298
58337.2029514	0.14623621507877615	0.01704672464833512
58487.5482755	0.15975804479451927	0.016833587853526562
58508.518206	0.17567816059537078	0.016595048861446283
58522.5457755	0.16439134225398527	0.015054310872306274
58526.5231481	0.16659865871136592	0.015040870708222982
58543.4603588	0.13331473235929353	0.013680550755030114
58556.5017824	0.15094880668362032	0.013974111288700498
58560.4187153	0.11938487894444388	0.013756676451236169
58568.4994792	0.13628109499530633	0.014585408453632123
58572.4582176	0.13880424454215778	0.01479589420382732
58580.3927894	0.123696915414294	0.014544848506292736
58583.3523148	0.11522907325834308	0.014679860245834167
58586.3561458	0.10329255993316133	0.014716641199581723
58597.3787616	0.11926329295740362	0.015514510906832406
58606.3578935	0.12862080229108358	0.015630758023257526
58612.3374306	0.15492741281599787	0.01620990547561182
58616.2948843	0.1666327892240962	0.016466542160367907
58619.3156019	0.12030711771518987	0.015974624520540222
58628.3115972	0.153557185031233	0.01663311252806874
58632.2724653	0.10519784770941909	0.016204044221858078
58635.2916435	0.15911982598126612	0.017121576340264958
58641.2746528	0.15720669927466385	0.01728021847376213
58644.2547917	0.14545177885708627	0.017367713868926368
58647.2311227	0.1421827703951346	0.017228704008741134
58650.2546065	0.14458503743955708	0.017156812356745044
58654.1887384	0.16406718957592847	0.017481486622239664
58657.2553472	0.1482419660585349	0.0173515686165037
58660.2105787	0.16290279894791082	0.01743650503893836
58666.1719676	0.15036805343254805	0.01711408414764711
58669.1847454	0.16181670605053572	0.017149113640755533
58672.1933912	0.1654665729884806	0.01709402209874197
58675.2338773	0.1912501695826594	0.01704914928185544
58678.1935648	0.15725123294594917	0.0164659552930361
58681.2530787	0.19649601424169405	0.0165036210170922
58684.1868634	0.19247364764607716	0.016205928545852736
58690.1717477	0.1970487492779574	0.015745102324963088
58698.1766204	0.14913252527113935	0.014776524504293485
58705.1647454	0.16013675972263852	0.01447374756929978
58712.2379051	0.16715387675668492	0.014715237823950962
58718.1434028	0.16317851263021987	0.015186127506653505
58726.1381019	0.14440297159918386	0.015393242542170189
58758.1106887	0.12898136964187218	0.01477910158826555
58760.10832175	0.14581526605041573	0.014942803343055946
58852.5627546	0.09232587371741696	0.014045829584897028
58864.5212153	0.10275544907074197	0.014702109227786371
58872.5651389	0.10076394892915341	0.014858099662561937
58875.5559722	0.11498536144867649	0.015080704726612736
58878.5618519	0.1104634143756622	0.014887589302699338
58881.5443519	0.11331565318802572	0.01466458347713216
58884.5584954	0.12053735318872855	0.014495250976446201
58887.5351968	0.09791182711920082	0.014128613678374393
58890.5001852	0.14430643761478762	0.014441895825531206
58894.5247917	0.10275737910855137	0.014123616299727186
58904.5045833	0.11293276026629606	0.014627541199092174
58908.4865509	0.10948903653377534	0.014704894282513004
58911.4981944	0.11583966311346294	0.014864609248766977
58914.5194792	0.10645581560120848	0.014568561920856631
58936.4403125	0.11698927092632783	0.013296171891725894
58943.4634722	0.11139098147440396	0.013390506108893266
58961.4004167	0.1179383607476413	0.013213584993458753
58964.4040394	0.11461627542051922	0.012995839766559898
58967.3592361	0.11097249557716282	0.012977061793336174
58970.395544	0.10623833389664139	0.012720861603388579
58976.3152546	0.08746355479256235	0.01292617625231612
58979.3147569	0.08811266235255205	0.01345404204750143
58991.79054975	0.11248335190265152	0.014567029511827543
58995.2559838	0.12109487910722894	0.014897756652939022
58998.27314235	0.0919872559159291	0.01471777769178174
59001.2588079	0.0939375955010931	0.014580700206942545
59005.2662037	0.09484349052533952	0.014655196263175237
59009.2105671	0.12085219904560973	0.015432755230402911
59012.2535185	0.10919769240315003	0.015482081165997202
59016.2349884	0.10574021975294084	0.01563511869604362
59019.2122917	0.10117889409561093	0.015673616658495773
59022.2317014	0.11015116005550774	0.015850465068163982
59028.2131134	0.12414300447266496	0.016086654216341985
59031.210625	0.12047908418568454	0.01637180421322749
59037.1893866	0.12000039223949022	0.016718506574943046
59040.1971065	0.11829848377423641	0.016767216735817075
59046.1895486	0.1269516461635154	0.015979714548152398
59049.18532985001	0.13311330233662555	0.01586400078111621
59050.72380204999	0.12882854786489534	0.015769630832517416
59053.1857407	0.1323107663499012	0.015797522046376692
59055.1915856	0.1378021374551171	0.015861599483508335
59059.173125	0.10859449884371575	0.015986032960450623
59060.1909954	0.10954885622421157	0.015994108760242882
59062.699571749996	0.1172221261896656	0.016012257886785723
59064.724363400004	0.1331106208433181	0.016152690099070676
59067.1812731	0.14227134034710848	0.01631559003611817
59068.2692593	0.13383736401913804	0.016230607545566256
59073.1694329	0.13342201569888196	0.016272871970897475
59075.711209450004	0.13998570076716355	0.016151283994094295
59078.170081	0.12771016690156584	0.015422539637292041
59079.2082407	0.1449648984246245	0.01562778054417259
59217.4895602	0.14798797573676464	0.013943977140779235
59219.4904167	0.1406612567132442	0.013844590848964267
59223.5189005	0.16120348781573657	0.01425500432317108
59228.4957986	0.14997825038758217	0.01457246583151049
59231.539375	0.13574957275778665	0.01462739474404719
59248.4453819	0.14443021781894066	0.014575190565779148
59250.4269907	0.1489726230858417	0.015218858152514904
59252.5160532	0.1522153704276773	0.01446279715925506
59256.4278704	0.14383981466770784	0.014488854765615301
59266.3870255	0.12517113885066788	0.014473833226663766
59270.4996759	0.1353575154201675	0.013897206656265818
59272.4871759	0.13213184751037133	0.013378514137771733
59274.4215856	0.15227338169813148	0.01348236977456998
59278.4810069	0.13176937457738724	0.013262165221159184
59290.3934722	0.13990202374506244	0.013094295261039626
59292.427349549995	0.12247879198703776	0.013024219459813769
59295.3875463	0.11316247601924223	0.012783940819121278
59297.403072949994	0.10510900984407151	0.01284823425893037
59300.90902779999	0.13568154884057965	0.012969333909235142
59302.42129055	0.11553460452358316	0.012723197125574102
59303.90212385	0.11328146555781832	0.012902660979323348
59305.3521759	0.11708456118715149	0.012961419853564627
59306.9375579	0.1234447501139262	0.012850936978705645
59309.478397	0.1280590585362773	0.01314392043446226
59311.4640741	0.12310178132799177	0.013421670109014253
59313.436713	0.12262479217747418	0.013746493347528452
59314.4455556	0.11023732797139163	0.01371826362666577
59316.90653355	0.12100765273237507	0.014055954631585963
59319.3877662	0.129274078284915	0.014574041317153192
59321.854785899995	0.11980857820338042	0.01461410782001095
59323.816330999995	0.1250867115556074	0.014674278277468412
59328.278125	0.1155793539217938	0.014280088763688595
59334.33716435	0.12667179020916886	0.01462237166710602
59336.354936350006	0.1260386400416561	0.014751691744600856
59338.32850695	0.12706337811669044	0.014989591891711812
59339.3248206	0.1295303838659735	0.015141710756987866
59340.80703125	0.13209972544880844	0.015122433820677225
59342.80422455	0.13085016824867535	0.015019244056305274
59343.334646999996	0.1289946737297234	0.014959142019347525
59344.3996065	0.1554763269283272	0.015219038096207074
59349.3174421	0.1380986802176849	0.015802226375596074
59352.29642935	0.12769039221806083	0.015942895525848835
59353.80033565	0.1346931711356416	0.016178718600295072
59358.3186921	0.12147008184553537	0.015826227791429167
59361.3729977	0.1378082075839931	0.015934463449086913
59363.8385706	0.14013586131465272	0.015874171858859865
59366.352338	0.16381891902725398	0.01603931003746636
59368.2951852	0.14486810300138298	0.016119961908893907
59370.2571065	0.12722264663893568	0.01602782963352606
59374.1906829	0.12671944924190437	0.01622768262883209
59376.2742014	0.12714003566381815	0.01634140284440381
59378.2534259	0.14595884023421463	0.016659106605914183
59384.1924884	0.14109429755770175	0.016991073780202332
59386.2268981	0.12781097417717902	0.01714962641673141
59387.2338426	0.14389283805901398	0.0176423092008183
59390.7928819	0.14858847080189164	0.0170767332445091
59392.7861458	0.15321874960958243	0.01701680901511757
59394.2748958	0.1511554748433282	0.017152431335409286
59396.21309025	0.15420216422630995	0.017267134137475878
59397.2290972	0.17999988373930276	0.01768632473824431
59399.19074655	0.13627239921152323	0.01760218816568595
59400.1904051	0.13741960248292917	0.017648263669907654
59401.7437905	0.15450585976752063	0.017743623982680864
59403.190844900004	0.1689440289343358	0.0177612826445448
59405.1952662	0.1585981264826728	0.017593531740548472
59406.721134249994	0.1603092307716757	0.01758582522060115
59409.2041667	0.19545807813447946	0.017763260580615378
59411.2162037	0.17718860825801386	0.017037588676654808
59419.2347338	0.11446410567285914	0.017325603172811777
59425.19678815	0.15339727492049726	0.018009205395150885
59427.1795139	0.14796309502963578	0.017921257751685564
59430.2261458	0.16238514402146742	0.017608600942017612
59434.1761111	0.144553353214248	0.017305807741048323
59436.1937963	0.15072669721954757	0.017258667929006398
59438.1756944	0.16036730614662187	0.017083652041149887
59439.1927778	0.1746214511908044	0.017180567306578295
59441.1871644	0.15189656817726582	0.016794308047923586
59443.2500579	0.1611512959094804	0.01662139132105602
59447.2153704	0.16002493715812416	0.016658009618085813
59450.1841667	0.1624712521380951	0.016723049104866498
59623.9486921	0.10319690630075301	0.012561225171202714
59625.4624537	0.10632841280177974	0.012590471130344928
59628.4642361	0.11091839193552444	0.012878058528033974
59630.503616899994	0.09829054982077923	0.012802232470914346
59639.47287035	0.12529839899035095	0.01324314467378169
59640.97372105	0.10542906350473824	0.012736056586974263
59671.4820255	0.09197762217807837	0.0131814076955937
59673.376794	0.1132521020084788	0.013771675080490682
59674.441169	0.08591881392383782	0.013708836555971559
59676.9232639	0.10451982336794885	0.014059352712400205
59678.88507525	0.1069670127233891	0.014021367540485236
59682.374438650004	0.09716882873457233	0.01409075159431377
59683.3955093	0.12307319769112413	0.014439201038450639
59684.4110127	0.10217632991401704	0.014260148656047906
59687.39	0.1181292084321417	0.014722650545805847
59690.3514352	0.09028936136403909	0.014488394602262419
59694.332581	0.12327464738250282	0.014872691580071262
59698.86059605	0.12060256052232149	0.014715013014676457
59700.3398669	0.10990533901498589	0.014618289892390092
59702.348200249995	0.11220622468951802	0.01466049757607015
59707.32466435	0.11858027909019792	0.014690938143993835
59709.37042825	0.11141907738387485	0.01459261233308257
59719.30671875	0.11272398534357464	0.015505517701751468
59724.2952431	0.11593148155630884	0.015471088086885892
59726.3749884	0.13376029642792425	0.01541449358536037
59730.2787269	0.12523175300012934	0.014991303436606991
59732.2281829	0.11716285291505596	0.014621807147625033
59734.2324306	0.1182210096082002	0.01495505510982579
59736.2287847	0.11555125303713248	0.015079923925633383
59738.2683218	0.11225756645454849	0.015046972863607046
59742.2778704	0.11319097399088451	0.015409904885023152
59747.2327546	0.11299706093549755	0.015941171542463557
59751.2700231	0.12154256036617683	0.016114834319859803
59753.2117477	0.1266724832992257	0.016182542727868166
59756.2287269	0.11719988096866424	0.01608892579227554
59758.2884722	0.12169961268188889	0.016330672993039884
59760.2760069	0.11932989551771078	0.016486382435642637
59762.2590625	0.11140701422627636	0.016336636471691864
59764.2696991	0.12550402420444967	0.016279640216471793
59773.233912	0.11421750105753498	0.01582674144703823
59775.2812384	0.15040401154699423	0.016209188869744783
59779.2266319	0.1284211745880976	0.015900723255511662
59785.1919213	0.12396012112028093	0.016310676379525338
59787.1939931	0.14324960175453105	0.016474900937687442
59789.2135764	0.13147048390953386	0.016355115662763674
59794.2490162	0.13051265997321337	0.016385185256127276
59797.1745833	0.12249488582415108	0.01666602926316641
