58217.1506829	0.652687070399	0.00643837087659
58222.1355093	0.695436385656	0.00684747367813
58231.1570023	0.693332262511	0.00682731237854
58244.163912	0.608222118389	0.00601404582076
58336.4676852	0.693758327972	0.00683139432091
58342.4898611	0.71829659794	0.00706667929368
58345.4922106	0.6874504641	0.00677096728471
58348.4479861	0.707876360774	0.00696672338339
58354.48148725	0.7558685184885	0.007427591628825
58357.4708044	0.7624782666515	0.00749115833702
58360.5102083	0.762847644372	0.0074947109413
58363.4905787	0.788615682939	0.00774276350479
58366.5098148	0.830316005228	0.00814490048986
58369.5105787	0.920244879298	0.00901494599397
58372.5096644	0.839840878082	0.00823687386936
58375.5073727	0.855571303325	0.0083888616043
58378.5169329	0.847908540121	0.00831480953045
58382.506794	0.833259376702	0.00817331672514
58385.9424595	0.854144668123	0.00837529266865
58387.4560185	0.843349146013	0.00827076016194
58388.5098727	0.84970741762	0.00833219057343
58397.5054398	0.820007471532	0.00804540978922
58422.3837037	0.702098765627	0.00691132857658
58424.3322106	0.70610259812	0.00694971505888
58425.4286806	0.706265853466	0.00695127983513
58429.3431829	0.717682918068	0.00706079103428
58431.344502349995	0.7549948920985	0.0074191888673649994
58432.3378935	0.687800693681	0.00677432215259
58434.8511632	0.7349769567455	0.00722709640491
58436.322581	0.70731848736	0.00696137373299
58437.3640046	0.673793177934	0.0066402159461
58443.3795486	0.625750794213	0.00618116972015
58447.3606308	0.622468789097	0.006149866643995
58450.3647917	0.616448797144	0.00609245705571
58455.31875	0.6151155390949999	0.006079747305886667
58462.322037	0.608159379979	0.00601344809594
58465.4774884	0.641160279414	0.00632825121967
58468.4730556	0.68268098981	0.00672529319078
58471.22871525	0.661409229737	0.006521758596555001
58472.2779977	0.691917332015	0.00681375589558
58474.3218287	0.695990015691	0.00685277923228
58486.4446412	0.743559641738	0.00730926569385
58490.1950926	0.681525656033	0.00671423177017
58493.2528125	0.69247836523	0.00681913068131
58503.77216435	0.637827575069	0.006296428781080001
58506.2370486	0.6134853687	0.00606420644012
58507.779890050006	0.6167038275245	0.0060948973388150005
58509.2572917	0.648107443723	0.00639460978643
58510.2606481	0.621023750206	0.00613608062346
58522.2013542	0.586109295892	0.00580350667869
58526.1815741	0.585091527769	0.00579382464681
58534.211794	0.614532151459	0.00607418504133
58547.1798843	0.622944003293	0.00615439563293
58556.1769907	0.655504095571	0.00646529521901
58559.1783449	0.639741330894	0.00631470199957
58562.1320023	0.641757583741	0.00633395560006
58567.1355787	0.653165157281	0.00644293989994
58581.1394213	0.821585960863	0.00806064097276
58592.2189815	0.863967507223	0.00847003395226
58617.1563889	0.91609098522	0.00897467644855
58715.4486227	0.815604117289	0.00800292818112
58750.4847338	0.845977104557	0.00829614869504
58756.509456	0.82314095338	0.00807564677571
58766.512037	0.725932448668	0.00713996544861
58772.5332639	0.753390621257	0.00740376170849
58775.3637731	0.666964946619	0.00657488606087
58778.4915856	0.711354706889	0.00700008162959
58781.4868403	0.765298759724	0.00751829119032
58784.5096181	0.878274370477	0.00860842609465
58787.508669	0.861358233723	0.00844480524226
58790.477100699994	0.821274357274	0.008057635484839999
58791.4772106	0.838080642122	0.00821987275526
58793.97075235	0.8107670700153333	0.00795627302436
58796.98506945	0.776164275733	0.007622859449365
58798.2809954	0.7816209826	0.0076753961577
58799.39788195	0.7720379465745	0.007583168932745
58804.3619329	0.8374286397	0.00821357684863
58805.37709495	0.8300344939153333	0.00814218532603
58806.4848843	0.863419413891	0.00846473451697
58812.291464149996	0.9366760413045	0.009174307211175
58827.7626389	1.0329994196875	0.0101108667403325
58828.3171644	1.08278594419	0.0105962751676
58830.30159145	1.0483209100400002	0.010260119635566665
58831.4221991	1.04367819358	0.010214846153
58833.27796295	1.063896029485	0.01041197079965
58835.4158102	1.13337860335	0.0110905625888
58836.4510417	1.07370706182	0.0105076747724
58846.2850694	1.13692184062	0.0111252150198
58850.455625	1.16754011034	0.0114248362716
58854.1651157	1.23139166462	0.0120507005985
58856.1953935	1.15799906704	0.0113314357393
58859.7385127	1.1500821066566667	0.011253977235833332
58861.2050579	1.17790918824	0.0115263795325
58862.3084028	1.17442208484	0.0114922260491
58867.2444444	1.16881724188	0.0114373411122
58871.2381944	1.2339268358	0.0120755786878
58873.1709144	1.25615204437	0.0122937623635
58874.716539400004	1.23713615772	0.0121070808846
58877.70707755	1.28511496728	0.012578495362200001
58880.1960822	1.2501777295949998	0.012235097083150001
58882.1388194	1.22115111262	0.0119502324832
58883.178044	1.24144364453	0.0121493517283
58884.1868634	1.30686946109	0.012792240626
58886.1364699	1.2328885223	0.0120653899206
58892.2832292	1.24276727718	0.0121623447185
58896.1521528	1.24669669882	0.0122009194394
58898.6400868	1.23009909133	0.01203821593595
58900.219375	1.17644765798	0.0115120646614
58903.1735243	1.154945105345	0.01130155491485
58906.2054167	1.12609909512	0.0110193867707
58909.12813075	1.2191707695799998	0.0119308087401
58912.1843634	1.10686080642	0.010831369251
58915.127824049996	1.1085550984800001	0.01084792369675
58941.1823727	0.916726550076	0.00898083724143
58944.1666782	0.893469659915	0.00875551330396
58956.1609375	0.901309211204	0.00883144050116
58978.160272	1.02116870027	0.0099955863641425
58980.1589294	1.03982552464	0.010177317352425
58986.1603125	1.05691137468	0.010343889932175
59065.491215250004	1.2370489725175	0.012106229400549999
59067.493153949996	1.2121644831424998	0.0118620953091
59069.4947859	1.2224897442625	0.011963384060374999
59187.4485417	1.33321751184	0.0130515176454
59264.1733796	1.08456256335	0.0106136175009
59266.2240741	1.07769386238	0.0105465787459
59268.2484144	1.04613422241	0.010238782012
59270.1552083	1.00430912697	0.00983146352923
59272.2195949	0.979467002428	0.00958986389185
59274.2646412	1.05355159637	0.0103110886827
59294.1990046	1.00104548111	0.00979970890347
59296.1669907	1.03760536707	0.0101556678868
59298.1642593	0.988257706063	0.00967532984617
59304.2898843	1.04034697686	0.0101823816919
59306.2241319	0.969086647013	0.00948898795853
59312.262963	1.00282189958	0.00981699231497
59314.1630787	0.97568810304	0.00955313548152
59319.1661574	0.955343184138	0.00935549500807
59321.2228472	0.989325058688	0.00968570776863
59323.1977083	0.934057064564	0.009148898793
59329.2015278	0.95563799732	0.00935835806032
59342.16425925	1.093558206642	0.01070146458812
59343.1648785	1.107849953134	0.0108410810078
59344.1653125	1.0896321283219998	0.010663110829780002
59348.666174800004	1.0984949136542856	0.010749708081228573
59350.159606450005	1.1565511627760001	0.01131736530774
59353.1607465	1.1171776034975	0.010932200517425002
