5.819842256945000554e+04	6.859053228049224460e-01	8.973110809921667347e-03
5.821435151619999669e+04	6.871175626559223870e-01	8.986630168149999792e-03
5.821639614579999761e+04	7.120128265619223296e-01	9.266710929880000308e-03
5.821790114580000227e+04	6.872012769664224141e-01	8.987599549660833104e-03
5.821892630784999346e+04	6.901454808000131447e-01	9.020689363730906643e-03
5.821945756944999448e+04	6.980506713249223782e-01	9.109540708784998747e-03
5.822240350115000183e+04	6.831976542402556918e-01	8.942603068705555491e-03
5.822441770254999574e+04	6.896161642279224901e-01	9.014706892516667278e-03
5.822640518519999750e+04	6.767080089948223076e-01	8.869762417241999417e-03
5.822740409720000025e+04	6.885182018259223824e-01	9.002368658570000792e-03
5.822941064235000522e+04	6.558576639693223242e-01	8.636054635272002317e-03
5.823090049189999991e+04	6.757425506475474020e-01	8.858993159971248824e-03
5.823238157984999998e+04	6.807814016524222911e-01	8.915668972255000324e-03
5.824281504050000513e+04	6.476562314976723744e-01	8.544286521480001437e-03
5.824382688654999947e+04	6.440520150465890437e-01	8.504043975393333135e-03
5.824434277779999684e+04	6.651244424699224167e-01	8.739828740490000747e-03
5.824676517939999758e+04	6.586400074571223673e-01	8.667236127213999788e-03
5.824734430554999562e+04	6.547493201869223345e-01	8.623674940776667949e-03
5.824878483795000648e+04	6.500817663866723661e-01	8.571408632692499932e-03
5.824941046300000016e+04	6.660661755789223371e-01	8.750383908560000271e-03
5.825239086810000299e+04	6.388605833249223487e-01	8.445896427350000485e-03
5.825484618634999788e+04	6.432624683690890688e-01	8.495142216918332920e-03
5.825675717594999878e+04	6.267275220944223957e-01	8.310453124934998742e-03
5.825778265624999767e+04	6.490410602792555661e-01	8.559776621164446112e-03
5.825838701969999966e+04	6.568117701225889560e-01	8.646740004009998912e-03
5.826181007520000276e+04	6.472890352044223805e-01	8.540132229395000149e-03
5.826233574650000082e+04	6.552962303164223679e-01	8.629783734124998884e-03
5.826338485529999889e+04	6.564041358682557448e-01	8.642143526169999632e-03
5.826629527200000302e+04	6.298641295686723263e-01	8.345428825007500037e-03
5.826730597220000345e+04	6.232764370999224202e-01	8.271906866809999523e-03
5.826983681710000383e+04	6.143121951307223272e-01	8.172045000789999319e-03
5.827034741899999790e+04	6.168388504879224188e-01	8.200127775629999227e-03
5.827185383100000035e+04	6.311817745311223415e-01	8.360161895719999542e-03
5.827382350694999332e+04	6.361203778259224562e-01	8.415342887914000272e-03
5.827434685190000164e+04	6.196780072269223449e-01	8.231778043440000220e-03
5.827583476270000392e+04	6.163312788699224498e-01	8.194514519638571720e-03
5.827776635415000055e+04	6.137174345383223928e-01	8.165356155806000396e-03
5.827877593750000233e+04	6.232098315319223314e-01	8.271190204577500218e-03
5.827973925344999589e+04	6.158019548499222839e-01	8.188580423695000082e-03
5.828076221064999845e+04	6.158694451529224123e-01	8.189371371172499831e-03
5.828182346644999780e+04	6.149026668804223883e-01	8.178561305214999966e-03
5.828370843169999716e+04	5.990731129841724290e-01	8.002406270924999551e-03
5.828429070024999965e+04	5.934206114569222645e-01	7.939521365526665958e-03
5.828580526044999715e+04	5.875098373592556600e-01	7.873850368563332577e-03
5.828681499425000220e+04	5.880143946803223498e-01	7.879441003510000499e-03
5.828876310764999653e+04	5.917157510293223899e-01	7.920551560884000336e-03
5.829075254049999785e+04	5.884933849514223381e-01	7.884787415132500296e-03
5.829176295715000015e+04	5.885449463029223116e-01	7.885315388269999864e-03
5.829277198494999902e+04	5.818912805349223394e-01	7.811472599992500855e-03
5.829378377315000398e+04	5.835223726121724352e-01	7.829565596854999587e-03
5.829526446179999766e+04	5.881404556989224819e-01	7.880992787426667132e-03
5.829626570605000597e+04	5.781137651314223191e-01	7.769613964940000166e-03
5.829729004049999639e+04	5.841818688375889357e-01	7.836889510499999573e-03
5.829829560764999769e+04	5.953116414852556160e-01	7.960507436900000899e-03
5.829983482060000097e+04	5.947458429341223596e-01	7.954250536567999616e-03
5.830084710070000438e+04	5.818090266274223987e-01	7.810604385790000277e-03
5.830185487265000120e+04	6.028270935691222299e-01	8.044126981619999228e-03
5.830374577545000648e+04	5.844207782829224929e-01	7.839525530566665221e-03
5.830475656824999896e+04	5.937302404324222849e-01	7.942994697290000142e-03
5.830577368055000261e+04	5.966987049716723224e-01	7.976047244245000958e-03
5.830727513310000359e+04	5.907639249285889793e-01	7.910016247743333409e-03
5.830827945600000385e+04	5.913968801869222691e-01	7.917020331330000202e-03
5.831120011574999808e+04	5.880487730299224225e-01	7.879942054402499022e-03
5.831223115160000452e+04	6.042693332604223144e-01	8.060148264919998751e-03
5.831371865740000067e+04	5.976890361029223442e-01	7.986959186753999490e-03
5.831574360534999869e+04	5.966026840236724471e-01	7.974879399380000247e-03
5.831923959494999872e+04	6.023818891326723213e-01	8.039151123607500560e-03
5.832076444445000379e+04	5.867718579271223867e-01	7.865676757704000502e-03
5.832226004049999756e+04	5.996851658306723287e-01	8.009154188972500074e-03
5.832374579865000123e+04	5.955762385814222792e-01	7.963443005365000715e-03
5.832524423034999927e+04	5.856789534386723783e-01	7.853541913472501107e-03
5.832680292824999924e+04	5.677077650985891122e-01	7.654215954246666731e-03
5.832780227435000415e+04	5.817938336089223395e-01	7.810449598163332792e-03
5.832980129049999960e+04	5.924855165772556775e-01	7.929099566513332989e-03
5.833076865159999579e+04	5.923557453212556778e-01	7.927696096583334781e-03
5.833229209494999668e+04	5.853337602642556536e-01	7.849692748900001169e-03
5.833416643520000071e+04	5.954277559819223242e-01	7.961792138100000707e-03
5.833719543980000162e+04	6.093943676229223172e-01	8.117189571619999947e-03
5.834018194439999934e+04	6.130232802369223188e-01	8.157609562649999202e-03
5.834418479169999773e+04	6.135970009859224028e-01	8.164001694310000709e-03
5.834971697919999860e+04	6.076214007854938703e-01	8.097478219341428668e-03
5.835117912040000374e+04	6.099374238439223550e-01	8.123269005489999750e-03
5.835271005784999579e+04	6.060304067546367079e-01	8.079879473354287939e-03
5.835371737845000462e+04	6.084497921780890328e-01	8.106725032331667247e-03
5.835473932290000084e+04	5.955731614909223204e-01	7.963454118180000527e-03
5.835575068864999776e+04	6.029377104371723695e-01	8.045325292187500629e-03
5.835674708914999792e+04	5.971673816746724262e-01	7.981189282629998910e-03
5.835775259259999439e+04	6.018170619493222739e-01	8.032882497557999879e-03
5.835973308449999604e+04	6.058868599842558433e-01	8.078502694050001057e-03
5.836069373265000468e+04	6.098195913232556942e-01	8.121926203046666085e-03
5.836170324070000061e+04	6.002543361555890966e-01	8.015470418579999021e-03
5.836514309030000004e+04	6.221930120019223409e-01	8.259823388270000691e-03
5.836766063655000471e+04	6.063915619490890530e-01	8.083802418150000044e-03
5.836868307869999990e+04	6.070441685241723118e-01	8.091142325912500932e-03
5.837014651040000172e+04	6.100398579944223965e-01	8.124422876120000400e-03
5.837214703705000284e+04	6.210010792664224510e-01	8.246530489619999238e-03
5.837462637729999551e+04	6.162608827949223045e-01	8.193698384399998938e-03
5.837567646989999776e+04	6.159570225816723976e-01	8.190358545437500734e-03
5.837763912614999572e+04	6.208142052851723935e-01	8.244497946577500347e-03
5.838162995370000135e+04	6.152011141164224206e-01	8.181881083225000031e-03
5.838263912039999559e+04	6.036634003524223857e-01	8.053463342182499637e-03
5.838519334489999892e+04	5.923823765899223215e-01	7.927943521360000106e-03
5.847549628469999880e+04	7.442847022639224042e-01	9.630871202020000604e-03
5.848055150460000004e+04	7.513023211779223942e-01	9.710218063430000462e-03
5.848755240739999863e+04	7.701720425699223327e-01	9.923847642839999511e-03
5.850555303239999921e+04	7.633636335759224067e-01	9.846721511239999239e-03
5.850850947920000181e+04	7.804808806329224247e-01	1.004072619679999973e-02
5.851155063659999723e+04	7.555976514309223901e-01	9.758811395059999519e-03
5.852653190970000287e+04	7.093195875349224133e-01	9.236374376350000096e-03
5.853444719330000225e+04	7.201625033724223801e-01	9.358563180514999080e-03
5.853891863425000338e+04	7.192591490502556750e-01	9.348462513983333416e-03
5.854044270255000447e+04	7.112178108345890148e-01	9.257782812366666114e-03
5.854151436919999833e+04	7.138240745231724249e-01	9.287125423812499225e-03
5.854752292244999990e+04	7.106398804412557002e-01	9.251259930886665886e-03
5.855697292245000426e+04	7.135210930193223167e-01	9.283771521854000675e-03
5.855834229169999890e+04	6.968265054099224143e-01	9.095771440919999187e-03
5.856088906829999905e+04	7.095324738664222641e-01	9.238805326136667259e-03
5.856142863429999852e+04	7.115965302169223738e-01	9.262021224520000304e-03
5.856937754049999785e+04	7.373541647964223511e-01	9.552565094955001168e-03
5.857292385419999482e+04	7.264570089949223819e-01	9.429606517929999335e-03
5.857395379050000338e+04	7.376163272425889650e-01	9.555544862709999809e-03
5.857542767360000289e+04	7.329355432076722909e-01	9.502697472170000201e-03
5.858043970484999591e+04	7.143659437549223501e-01	9.293255081642500318e-03
5.858143296294999891e+04	7.129443195114224530e-01	9.277229718405000103e-03
5.858287818284999958e+04	7.196613671332557916e-01	9.352935704744999926e-03
5.858438943865000329e+04	7.126834550485889874e-01	9.274286528209999686e-03
5.858590182869999990e+04	7.055772112152556286e-01	9.194243186499998985e-03
5.858738891200000216e+04	7.230729585899223766e-01	9.391377996139999712e-03
5.858839527200000157e+04	7.034287108234223984e-01	9.170054239074999780e-03
5.859188130784999521e+04	7.026915518867223875e-01	9.161936780834000621e-03
5.859338556710000557e+04	7.039807109775890748e-01	9.176270069339999280e-03
5.859634497684999951e+04	7.067654265919224299e-01	9.207669824265001662e-03
5.859786952544999804e+04	7.047450341835890253e-01	9.184900737313332966e-03
5.859849468750000233e+04	6.904306101439223742e-01	9.023860084190000325e-03
5.860587502315000165e+04	6.707489080017557947e-01	8.802935787246666741e-03
5.860737049190000107e+04	6.664815908609222905e-01	8.755041308799999325e-03
5.860837164929999562e+04	6.641265918045889949e-01	8.728661484813332247e-03
5.861240064814999641e+04	6.520791162524224305e-01	8.593744066167498946e-03
5.861679562499999884e+04	6.432434729989222610e-01	8.494943225560000824e-03
5.861733171299999958e+04	6.371163346509223224e-01	8.426407579209999749e-03
5.861885751739999978e+04	6.257499501614224302e-01	8.299519572867499959e-03
5.862784186919999775e+04	6.240126936682556247e-01	8.280129892166665853e-03
5.862837310189999698e+04	6.156735815089223740e-01	8.187140230580000275e-03
5.863227962960000150e+04	6.324896167259224100e-01	8.374729637979999586e-03
5.863525614579999819e+04	6.303759926239224098e-01	8.351130846919999420e-03
5.863780244215000130e+04	6.270549376146367093e-01	8.314110175777142397e-03
5.863977590855000017e+04	6.287916400773223558e-01	8.333494238491999037e-03
5.864029034720000345e+04	6.216099858209224172e-01	8.253320918799999378e-03
5.864178989580000052e+04	6.244079602789223138e-01	8.284567923591428656e-03
5.864376909139999771e+04	6.249690475599223305e-01	8.290795571828001725e-03
5.864478604745000484e+04	6.279952882535890790e-01	8.324564890066667514e-03
5.864579412035000132e+04	6.194632188505223569e-01	8.229394388038000288e-03
5.864774288775000605e+04	6.080433101690890796e-01	8.102204641288334938e-03
5.864974381364999863e+04	6.163109955159224995e-01	8.194278404925000800e-03
5.865076546875000349e+04	6.120526968636723630e-01	8.146816401699999086e-03
5.865178357640000468e+04	6.061214128274223789e-01	8.080754260369998887e-03
5.865276150464999955e+04	6.029645794801224978e-01	8.045648778465998990e-03
5.865468576965000102e+04	6.183293660494224575e-01	8.216772625734999197e-03
5.865521264465000422e+04	6.237289894739224128e-01	8.276955853369998700e-03
5.865775434610000229e+04	6.194934996019223483e-01	8.229736011118000266e-03
5.866072571759999846e+04	6.128070707775890025e-01	8.155238732633332890e-03
5.866272427084999799e+04	6.212075932962556335e-01	8.248833270213333166e-03
5.866332332180000230e+04	6.146711656939223278e-01	8.175970354799999562e-03
5.866526542820000031e+04	6.079837657179223420e-01	8.101482455919999798e-03
5.866626547450000362e+04	6.103010218509223872e-01	8.127286481140000296e-03
5.866868005204999645e+04	6.175788668949223625e-01	8.208380352420000664e-03
5.867030465279999771e+04	6.239625388669223227e-01	8.279560780200000136e-03
5.867220159720000083e+04	6.368129722769223511e-01	8.423017333810000132e-03
5.867371530670000357e+04	6.241565993344223573e-01	8.281755128814998618e-03
5.867523921300000075e+04	6.182016352089223510e-01	8.215317977119999254e-03
5.867819866899999761e+04	6.145375157779223718e-01	8.174481065789999251e-03
5.868126354169999831e+04	5.974555566899223402e-01	7.984337977389999869e-03
5.868418172449999838e+04	5.867144647119223455e-01	7.864979247989999436e-03
5.869117887730000075e+04	5.814699681929224040e-01	7.806759330409999628e-03
5.869418730320000031e+04	5.823607611209223878e-01	7.816645581720000832e-03
5.869717501159999665e+04	5.814982306539223655e-01	7.807073570620000347e-03
5.870018146990000241e+04	5.804660148469223957e-01	7.795618675180000269e-03
5.870418677079999907e+04	5.666548661869224013e-01	7.642502748719999864e-03
5.870716226849999657e+04	5.716310187539224152e-01	7.697638717690000014e-03
5.871067892359999678e+04	6.040889435594223311e-01	8.058141495515000127e-03
5.871130321759999788e+04	5.943840782229223851e-01	7.950190111959999639e-03
5.871417896990000008e+04	6.240814586639223949e-01	8.280886923289999466e-03
5.871526315969999996e+04	5.962621052459223803e-01	7.971067339510000058e-03
5.871677368635000312e+04	6.168029619734223257e-01	8.199730024094999126e-03
5.871877427085000090e+04	6.260404750349223280e-01	8.302745693765000573e-03
5.872077410880000389e+04	6.375862650319223945e-01	8.431657986029999358e-03
5.872226357640000060e+04	6.389890535709223940e-01	8.447332107969999365e-03
5.872328806710000208e+04	6.473810358859223291e-01	8.541156539740000359e-03
5.872477509840000130e+04	6.400149633005890459e-01	8.458798103313333594e-03
5.872626351850000356e+04	6.326789716649223738e-01	8.376843661450000811e-03
5.872821986109999852e+04	6.498924627029223355e-01	8.569252831159999625e-03
5.873276221644999896e+04	6.578039480155889462e-01	8.657857930933333598e-03
5.873413906249999854e+04	6.429900622099223861e-01	8.492054142650000068e-03
5.874814138890000322e+04	6.499793062389224163e-01	8.570224747759999304e-03
5.875113869210000121e+04	6.225532739989223519e-01	8.263841164809999917e-03
5.876111450229999900e+04	6.606542986739223355e-01	8.689738752600000352e-03
5.876511622689999786e+04	6.789007998579223990e-01	8.894354022040000182e-03
5.876812206020000303e+04	6.798118927079224161e-01	8.904582054720000528e-03
5.877110232640000322e+04	7.014038848489223543e-01	9.147265164539999591e-03
5.877509802079999645e+04	6.998464143589223641e-01	9.129741930840000810e-03
5.878108239579999645e+04	6.780844153069223168e-01	8.885190051169999936e-03
5.883651538189999701e+04	7.185483650949223700e-01	9.340359805529999809e-03
5.885051087959999859e+04	7.429444457249223532e-01	9.615724096159999207e-03
5.885653757524999673e+04	7.609655140299224074e-01	9.819856841769999262e-03
5.886154725689999759e+04	7.535816960369223771e-01	9.736001468159999686e-03
5.886450743060000241e+04	7.469828139879223228e-01	9.661371886309999546e-03
5.887153405090000160e+04	7.988119701339223555e-01	1.024884295259999994e-02
5.887256814809999923e+04	7.902639814489224035e-01	1.015175026309999944e-02
5.887555094909999752e+04	7.999288630769223474e-01	1.026153523020000013e-02
5.887855271989999892e+04	7.823917365539223567e-01	1.006240353259999984e-02
5.888155408560000069e+04	7.837886814749224218e-01	1.007825266579999955e-02
5.888454460649999965e+04	7.709530349989224263e-01	9.932699064259999794e-03
5.888754479169999831e+04	7.588181650589224114e-01	9.795258673439999342e-03
5.889049096060000011e+04	7.777173347249223267e-01	1.000938161730000053e-02
5.889353151619999699e+04	7.619834268499223739e-01	9.831093057079999531e-03
5.889901161460000003e+04	7.523164200304224281e-01	9.721688832880000242e-03
5.890351020830000198e+04	7.535875160209223322e-01	9.736067600269999664e-03
5.890452841440000338e+04	7.515859946969223326e-01	9.713425622259999961e-03
5.890651086809999833e+04	7.566481940089223590e-01	9.770698797410000414e-03
5.890849078700000246e+04	7.494159289439223937e-01	9.688883084469999268e-03
5.891199322340000072e+04	7.680835452614223069e-01	9.900193460519998712e-03
5.891349783559999923e+04	7.609120281299224242e-01	9.818962211029999554e-03
5.891452840280000237e+04	7.671103911949224141e-01	9.889158392719999205e-03
5.893644721060000302e+04	7.618802157989224000e-01	9.829924255460000676e-03
5.894143111109999882e+04	7.904612698429224205e-01	1.015399034220000087e-02
5.894346950230000220e+04	7.718737968829223473e-01	9.943134740930000687e-03
5.895344399310000153e+04	7.918607826789223481e-01	1.016988211930000031e-02
5.895494812499999534e+04	8.060099161914223709e-01	1.033066623319999974e-02
5.895634511570000177e+04	7.835644454439223416e-01	1.007570868230000041e-02
5.896188001735000580e+04	8.049444933254223944e-01	1.031858036120000127e-02
5.896487591434999922e+04	7.852250516934222713e-01	1.009455583665000086e-02
5.896736832180000056e+04	7.750066889699224193e-01	9.978646416230000857e-03
5.896839196760000050e+04	7.871931930689223256e-01	1.011688914689999955e-02
5.897038581600000180e+04	7.499154602989224205e-01	9.694543360265000034e-03
5.897138745370000106e+04	7.522925791219223779e-01	9.721418940044999207e-03
5.897288193864999630e+04	7.621319446326723090e-01	9.832826345115000186e-03
5.897431900465000217e+04	7.611057033069223987e-01	9.821180260273334670e-03
5.897586520835000556e+04	7.511387017631223628e-01	9.708588985566000973e-03
5.897784351854999841e+04	7.676215617094223065e-01	9.894987275152498929e-03
5.897980180554999970e+04	7.611766799829223773e-01	9.821961022534998753e-03
5.898128073494999990e+04	7.664814726179223214e-01	9.882056176394999475e-03
5.898528159725000296e+04	7.411132996919223004e-01	9.595177873535001151e-03
5.898630226850000327e+04	7.418228100409223202e-01	9.603048265030000863e-03
5.898732438659999752e+04	7.361338253329223758e-01	9.538781794530000469e-03
5.899125841434999893e+04	7.400545303334223890e-01	9.583131531849999746e-03
5.899228226849999919e+04	7.303037622779223748e-01	9.472959870640000613e-03
5.899380765624999913e+04	7.250521918682556466e-01	9.413742127636666110e-03
5.899528175929999998e+04	7.410583453779223673e-01	9.594409063739999313e-03
5.899678155094999966e+04	7.190576028649223739e-01	9.346124856339997969e-03
5.899828447920000326e+04	6.894290641069223957e-01	9.012604067279999728e-03
5.899930534720000287e+04	7.195038829719223594e-01	9.351132605060000214e-03
5.900081548035000014e+04	6.869572646174223474e-01	8.984832606359998558e-03
5.900426545140000235e+04	6.855601142789223834e-01	8.969133978279999336e-03
5.900922123840000131e+04	6.781712750899223652e-01	8.886164999580000584e-03
5.901226504630000272e+04	6.759052437129223767e-01	8.860733683739999492e-03
5.901624901620000310e+04	6.978571690889223689e-01	9.107363412410000511e-03
5.901923906249999709e+04	6.701525784779224226e-01	8.796199680210000510e-03
5.902224353010000050e+04	6.986797929779223759e-01	9.116617692520000149e-03
5.902520256939999672e+04	6.838099174429224103e-01	8.949475401220000070e-03
5.902824005790000228e+04	7.171900640109223346e-01	9.325049977959999625e-03
5.903123895829999674e+04	7.239039911599223220e-01	9.400752007320000575e-03
5.903482510420000472e+04	7.078546023869223269e-01	9.219878827619999370e-03
5.903674283565000223e+04	7.136661509219224264e-01	9.285469025615000760e-03
5.903820878470000025e+04	7.110710949429224215e-01	9.256102876440000862e-03
5.903924116900000081e+04	7.011610760699223954e-01	9.144533487320000154e-03
5.904173912620000192e+04	7.007215425524223607e-01	9.139593442564999948e-03
5.904325675929999852e+04	6.892460402779223561e-01	9.010547211370000323e-03
5.904571076965000248e+04	7.137711926714223054e-01	9.286541238760000205e-03
5.904771509840000363e+04	7.063344225149223998e-01	9.202843881146666530e-03
5.904980966435000300e+04	7.078030795894224569e-01	9.219304795612500575e-03
5.905120002894999925e+04	7.091217096274223808e-01	9.234194877554998543e-03
5.905226421875000233e+04	6.921162211994222879e-01	9.042807553739999962e-03
5.905420289934999892e+04	6.979102774564223122e-01	9.107970427219998916e-03
5.905572320599999512e+04	7.007656219639223361e-01	9.140095034543332594e-03
5.905725641205000284e+04	7.087904076629223393e-01	9.230424880304999996e-03
5.905917399304999708e+04	7.060817018704224068e-01	9.199921196630000270e-03
5.906019812500000262e+04	6.949842661499223695e-01	9.075053491680000126e-03
5.906175321759999497e+04	7.025600386372558015e-01	9.160297018029998906e-03
5.906317562500000349e+04	7.032237440484223612e-01	9.167747996449999298e-03
5.906473975695000263e+04	7.078314345799223695e-01	9.219625463747499125e-03
5.906621865165000054e+04	7.059588158699223737e-01	9.198553900325000254e-03
5.906776133105000190e+04	7.074161718715890057e-01	9.214944145243332205e-03
5.906971315394999692e+04	7.082004436859222762e-01	9.223904085416666579e-03
5.907117974539999705e+04	7.089456884229223821e-01	9.232164511720000744e-03
5.907219872690000193e+04	7.104367208839224013e-01	9.248957439420000745e-03
5.907320736109999416e+04	7.108022578789223722e-01	9.253075670459999513e-03
5.907572056129999692e+04	6.958150324009223509e-01	9.084405341715000304e-03
5.907715712959999655e+04	6.798714462079223919e-01	8.905250342930000340e-03
5.907817480320000323e+04	6.936286998369223245e-01	9.059811304340000329e-03
5.907970082174999698e+04	7.036607336284224079e-01	9.172671619295000994e-03
5.908117577549999987e+04	7.010475280169223833e-01	9.143256123409999880e-03
5.908218547450000187e+04	6.981833133749223430e-01	9.111032842560000747e-03
5.908469031829999585e+04	6.982110758959223507e-01	9.111386650899999662e-03
5.908667318865000561e+04	6.850222075914224051e-01	8.963095041654999678e-03
5.908817893519999780e+04	6.886119440529223645e-01	9.003421753510000222e-03
5.908969013309999718e+04	7.067674376304223793e-01	9.207664159140000609e-03
5.909368039929999941e+04	6.981504603019224042e-01	9.110900013057501162e-03
5.909514020254999923e+04	6.924608088534223160e-01	9.046682135125000065e-03
5.909864980319999449e+04	7.092975626959223678e-01	9.236181186045000144e-03
5.913012510420000035e+04	6.731681440059223975e-01	8.830023944810000414e-03
5.919352944440000283e+04	6.790129155039223985e-01	8.895612678979999619e-03
5.919951505789999646e+04	6.881502782039223831e-01	8.998234045580000631e-03
5.920302865160000511e+04	6.753550617139223444e-01	8.854699364203333020e-03
5.920451415509999788e+04	6.576318664139223502e-01	8.655885603990000690e-03
5.921551796874999854e+04	6.476501238559223550e-01	8.544550822839998977e-03
5.921748247684999660e+04	6.390335610149223688e-01	8.447906936129999725e-03
5.921849002309999923e+04	6.216894957039224012e-01	8.254207500619999832e-03
5.921951378475000092e+04	6.461648520659224459e-01	8.527621345190000701e-03
5.922153407984999649e+04	6.356851146704223243e-01	8.410478303999999530e-03
5.922350839699999779e+04	6.481815964129223895e-01	8.550121165940000392e-03
5.922451118635000603e+04	6.487933873864224488e-01	8.557011430339999530e-03
5.922650138309999602e+04	6.456835188744223242e-01	8.522347857744999589e-03
5.922751256940000167e+04	6.524158578659223773e-01	8.597492491640001261e-03
5.922951735529999860e+04	6.894179887594223954e-01	9.012483880084999621e-03
5.923103354745000252e+04	6.564210744415890364e-01	8.642338072326666634e-03
5.923248750000000291e+04	6.470979131179224186e-01	8.537990081499999967e-03
5.923349764464999316e+04	6.690352434479223120e-01	8.783685280180000138e-03
5.924844822920000297e+04	6.597501069809224017e-01	8.679609677790000796e-03
5.924996173034999811e+04	6.401079102959223999e-01	8.459836488486666140e-03
5.925149816555000143e+04	6.661914594729223538e-01	8.751792505800000399e-03
5.925349471060000360e+04	6.521224693299223496e-01	8.594208097450000208e-03
5.925541254054999445e+04	6.497029514554223395e-01	8.567161114944999920e-03
5.925643415510000341e+04	6.471169804019223371e-01	8.538202695740000278e-03
5.925835098955000285e+04	6.604463923064223252e-01	8.687411312709999306e-03
5.926298148149999906e+04	6.604860046405890417e-01	8.687887744403334153e-03
5.926494744214999810e+04	6.572280894429224363e-01	8.651428727553332754e-03
5.926636512729999959e+04	6.662490204389224235e-01	8.752433883449999355e-03
5.926740890624999884e+04	6.461612793904223384e-01	8.527516181955000288e-03
5.926891550350000034e+04	6.386252577539223152e-01	8.443356861270000582e-03
5.927048752309999691e+04	6.528607853729223587e-01	8.602470728390000307e-03
5.927249959490000037e+04	6.343477074039223229e-01	8.395480093269999666e-03
5.927442790509999759e+04	6.510346936539224139e-01	8.582034058659999270e-03
5.927592126155000005e+04	6.304658359389223587e-01	8.352134426590000077e-03
5.927846874424999987e+04	6.366633500344223151e-01	8.421348071064999746e-03
5.929038392359999852e+04	6.391168187649223231e-01	8.448760250630000732e-03
5.929286657405000005e+04	6.447088649569223673e-01	8.511352457334999538e-03
5.929638751159999811e+04	6.762434599889223241e-01	8.864529749679999834e-03
5.930092351849999977e+04	6.567913744969223755e-01	8.646494827313333520e-03
5.930243228584999451e+04	6.567060012189224194e-01	8.645518558900000539e-03
5.930343293979999726e+04	6.513538671269223368e-01	8.585605612790000660e-03
5.930495064814999932e+04	6.520483458959224210e-01	8.593444679736666689e-03
5.930693601274999673e+04	6.359922817109223692e-01	8.413914971509998952e-03
5.930892887155000062e+04	6.330799580599223431e-01	8.381331163226665368e-03
5.931041210649999994e+04	6.176279818659223819e-01	8.208922817990000828e-03
5.931147554400000081e+04	6.090039384119223520e-01	8.112842070739999245e-03
5.931742657409999811e+04	5.919065108109223816e-01	7.922655680700000508e-03
5.932047309030000179e+04	5.799051288779223379e-01	7.789394918620000212e-03
5.932228493059999892e+04	5.786244351759223248e-01	7.775186876110000422e-03
5.932428564809999807e+04	5.904030920749223643e-01	7.905951458909999882e-03
5.932878460070000438e+04	5.854343708729223827e-01	7.850766955769999944e-03
5.933484759260000283e+04	6.015516871319224190e-01	8.029905632255000467e-03
5.933634681709999859e+04	5.885867081059223960e-01	7.885773138259999371e-03
5.933932518520000303e+04	5.792748991349223608e-01	7.782403506600000034e-03
5.934128884259999904e+04	5.897161507059224261e-01	7.898319509889999146e-03
5.934332317129999865e+04	5.836659153129223343e-01	7.831132012450000429e-03
5.934532824650000111e+04	5.856165857209223446e-01	7.852801495875000315e-03
5.934639899310000328e+04	5.772329214359224192e-01	7.759750793220000255e-03
5.934882868055000290e+04	5.866791382301723701e-01	7.864598860714999695e-03
5.934934033559999807e+04	5.866314470929223646e-01	7.864058016099999965e-03
5.935230538189999788e+04	5.856234463259223366e-01	7.852864832479999196e-03
5.935379401045000122e+04	5.866963997166724232e-01	7.864798620134999876e-03
5.935488833914999850e+04	5.900775309422556791e-01	7.902391968390000063e-03
5.935631869795000239e+04	5.642497444044223265e-01	7.615870403694999582e-03
5.935790752315000282e+04	5.788065144361724812e-01	7.777275820075001123e-03
5.935931062499999825e+04	5.622320373609224209e-01	7.593549052175000216e-03
5.936136831019999954e+04	5.528086774329223907e-01	7.489270112890000428e-03
5.936334659719999763e+04	5.693291833899223331e-01	7.672128955209999920e-03
5.936534701969999878e+04	5.682234323999223458e-01	7.659878723909999826e-03
5.936932702550000249e+04	5.713774762029223409e-01	7.694829285129999724e-03
5.937132611110000289e+04	5.666548661869224013e-01	7.642502748719999864e-03
5.937630495369999699e+04	5.774503790669224257e-01	7.762163530480000080e-03
5.937829994209999859e+04	5.722008192049223840e-01	7.703955141939999862e-03
5.938034765049999987e+04	5.852012892379223619e-01	7.848177896159999958e-03
5.938234628469999734e+04	5.834152234659223391e-01	7.828349288730000050e-03
5.938479858215000422e+04	5.716476781674223462e-01	7.697824641215000180e-03
5.938621939810000185e+04	5.692398566549223826e-01	7.671139623799999932e-03
5.939080664930000057e+04	5.694859570374224411e-01	7.673867780945000522e-03
5.939278583910000452e+04	5.822920376609224125e-01	7.815883498459999870e-03
5.939431221060000098e+04	5.890312071639223213e-01	7.890710483830000802e-03
5.939632861109999794e+04	5.848598172589223321e-01	7.844386950549999890e-03
5.939734572920000210e+04	5.959841137469223948e-01	7.967978009739999298e-03
5.939972299765000207e+04	5.922101891554223396e-01	7.926032994810001259e-03
5.940176848379999865e+04	5.943619142154223933e-01	7.949950790694999825e-03
5.940380183450000186e+04	6.078281899494224483e-01	8.099752655000000412e-03
5.940672582754999894e+04	6.050255909324223635e-01	8.068569940189999901e-03
5.940870898149999994e+04	6.095046136839223916e-01	8.118440043395000472e-03
5.941021361109999998e+04	5.965360797739224230e-01	7.974114492810000301e-03
5.941122391200000129e+04	6.210976278519223515e-01	8.247607107390000220e-03
5.942323496529999829e+04	6.103429904369224168e-01	8.127754005529999257e-03
5.942518692130000272e+04	6.197551933079223918e-01	8.232638135550000499e-03
5.942671483794999949e+04	6.143053997539222877e-01	8.171894712639999822e-03
5.943418178240000270e+04	6.101282755949223313e-01	8.125362852219999987e-03
5.943572953125000640e+04	6.242548638682555717e-01	8.282864434913333671e-03
5.943817918980000104e+04	6.235880966239223389e-01	8.275383002490000264e-03
5.943920323495000048e+04	6.368669742424224456e-01	8.423633924849998483e-03
5.944070335070000147e+04	6.432417405519224030e-01	8.494871692334999419e-03
5.944324299769999925e+04	6.057653516189224208e-01	8.076787794160000117e-03
5.944721965279999858e+04	6.628029090989223659e-01	8.713812089210000097e-03
5.944870366894999461e+04	6.512251321705889717e-01	8.584229878973332131e-03
5.945073109955000109e+04	6.621799068845890535e-01	8.706850458939999204e-03
5.945325926505000098e+04	6.468724243304223576e-01	8.535483045850000838e-03
5.945471439814999758e+04	6.550682116909223307e-01	8.627195289520000684e-03
5.945870715279999422e+04	6.365222054894223991e-01	8.419782458164999650e-03
5.946070024885000021e+04	6.249755824145889482e-01	8.291052009359999031e-03
5.946269137149999733e+04	6.259903697794223509e-01	8.302229824665000729e-03
5.946422246530000120e+04	6.080883713699223314e-01	8.102647611729999269e-03
5.946615609950000362e+04	6.191103258239223361e-01	8.225448710409999711e-03
5.946823906249999709e+04	6.030246796199223436e-01	8.046285475249999319e-03
5.947015682869999728e+04	5.969187138899223477e-01	7.978368898599999537e-03
5.947314579860000231e+04	5.788463323059224175e-01	7.777648403620000123e-03
5.947422077549999813e+04	5.719603589729224113e-01	7.701290302960000361e-03
5.947668880784999783e+04	5.700438599334223255e-01	7.680061415325000265e-03
5.947819770830000198e+04	5.770235545329224225e-01	7.757429274309999775e-03
5.948019998840000335e+04	5.959813686689223733e-01	7.967947267459999858e-03
5.949014107640000293e+04	5.564111634689223873e-01	7.529110931770000015e-03
5.949118109949999780e+04	5.707350591969223563e-01	7.687708060320000425e-03
5.960048832755000331e+04	5.123061896844223195e-01	7.042669304275000694e-03
5.962145164349999686e+04	4.846674874629223195e-01	6.739335155350000169e-03
5.962296038195000438e+04	4.889949078322557430e-01	6.786776094053333271e-03
5.962442679399999906e+04	4.816793614489224273e-01	6.706614265640000079e-03
5.962543031250000058e+04	4.698394886209223964e-01	6.577125757710000284e-03
5.962844997690000309e+04	4.852211187689223770e-01	6.745399840489999660e-03
5.963051925930000289e+04	4.748056037779223582e-01	6.631399776859999567e-03
5.963949505784999928e+04	4.801692063269222821e-01	6.690090343385000221e-03
5.964096377889999712e+04	4.645004050325890477e-01	6.518816300820000180e-03
5.967038299769999867e+04	4.532091561519223655e-01	6.395591923140000155e-03
5.967338256939999701e+04	4.755778513119223172e-01	6.639846545050000388e-03
5.967543753470000229e+04	4.747941106599223859e-01	6.631274719290000327e-03
5.967740797449999809e+04	4.668749675679223499e-01	6.544716848389999647e-03
5.967936732640000264e+04	4.729544981029223383e-01	6.611157680750000092e-03
5.968338042819999828e+04	4.606312915449223278e-01	6.476545684149999892e-03
5.968534447915000055e+04	4.608564176789223810e-01	6.479003317779999903e-03
5.968838697919999686e+04	4.517197783909223663e-01	6.379358232039999965e-03
5.969332542244999786e+04	4.583387440049223605e-01	6.451556563915000417e-03
5.969432672450000246e+04	4.545926751029223389e-01	6.410675231269999906e-03
5.969838887729999988e+04	4.374045446999224040e-01	6.223523205499999732e-03
5.970030252309999923e+04	4.452633548289223198e-01	6.309030701420000400e-03
5.970237992474999919e+04	4.362526607164223247e-01	6.211011636240000577e-03
5.970833319444999506e+04	4.456507403574223591e-01	6.313268162439999304e-03
5.971036594909999985e+04	4.267103136279223330e-01	6.107337708929999782e-03
5.971236586810000153e+04	4.412874308289224112e-01	6.265756752919999714e-03
5.971434380789999705e+04	4.351787769789223770e-01	6.199324716839999666e-03
5.971725901619999786e+04	4.271405993679223689e-01	6.112007546700000404e-03
5.971931336225000268e+04	4.274563506464224005e-01	6.115459726484999935e-03
5.972441065969999909e+04	4.234899669079223994e-01	6.072390255089999897e-03
5.972636145830000169e+04	4.233233334629223910e-01	6.070582400860000290e-03
5.973229523150000023e+04	4.237284003269223831e-01	6.074976615849999630e-03
5.973621857640000235e+04	4.152189799059223807e-01	5.982717486609999934e-03
5.973828177080000023e+04	4.164730407879223550e-01	5.996305263250000309e-03
5.974032476850000239e+04	4.196188269479224076e-01	6.030404528220000351e-03
5.974228744210000150e+04	4.325209306669223208e-01	6.170441262890000167e-03
5.974724136569999973e+04	4.398123433779224101e-01	6.249709321759999714e-03
5.974934701389999827e+04	4.301773554569223723e-01	6.144982863229999856e-03
5.975128450229999726e+04	4.401547169669223214e-01	6.253434685509999882e-03
5.975334712959999888e+04	4.511083078269223501e-01	6.372695091620000050e-03
5.975636616900000081e+04	4.385465861629224138e-01	6.235941988560000405e-03
5.975830442130000301e+04	4.517109240819223714e-01	6.379262545239999978e-03
5.976026304399999935e+04	4.417443910399223572e-01	6.270729444740000096e-03
5.976227100690000225e+04	4.417563637979223801e-01	6.270859258230000038e-03
5.976426067129999865e+04	4.279463252339223978e-01	6.120755498149999842e-03
5.976624322920000122e+04	4.282456385849223723e-01	6.124004623409999570e-03
5.977327450810000300e+04	4.228907578064223793e-01	6.065956844619999760e-03
5.977532923609999852e+04	4.276498231889224177e-01	6.117536268070000033e-03
5.977772150464999868e+04	4.326533348564223225e-01	6.171885361640000282e-03
5.978226045139999769e+04	4.189607507369224049e-01	6.023269618639999837e-03
5.978625747689999844e+04	3.933287303679223745e-01	5.745987848449999637e-03
5.978827983800000220e+04	3.880115445919223305e-01	5.688620920320000031e-03
5.979024519680000230e+04	3.947084291089223429e-01	5.760882354969999730e-03
5.979424280089999957e+04	3.820425092979223836e-01	5.624284918230000076e-03
5.979722898149999673e+04	3.670363775079223956e-01	5.462845652469999931e-03
5.979919921299999987e+04	3.761204549829223476e-01	5.560522053090000312e-03
5.980520572920000268e+04	3.769929302539223315e-01	5.569911320030000203e-03
5.980730547449999722e+04	3.772318787009223406e-01	5.572483646200000230e-03
5.981423831020000216e+04	3.944815737239223408e-01	5.758432701980000130e-03
5.981616390050000336e+04	3.824477406479224184e-01	5.628649694539999623e-03
5.982517878470000142e+04	4.037028307759223944e-01	5.858067194860000319e-03
5.982815519679999852e+04	4.056247281859223230e-01	5.878852994279999862e-03
5.985318173609999940e+04	4.363186414619223408e-01	6.211715945660000425e-03
5.985717560190000222e+04	4.351491787329223593e-01	6.199002528699999910e-03
5.985912827549999929e+04	4.480311258499223293e-01	6.339169669889999775e-03
5.992850680560000183e+04	6.058661738939223884e-01	8.077909392240000333e-03
5.993154753470000287e+04	6.147302604819223637e-01	8.176628882380000685e-03
