5.825443815970000287e+04	1.026706043037351357e+00	1.438056035910000030e-02
5.826244052080000256e+04	1.097197145427351472e+00	1.509099269739999985e-02
5.826745996529999684e+04	1.099502246867351429e+00	1.511425236739999921e-02
5.827045950230000017e+04	1.110737010307351502e+00	1.522765155530000046e-02
5.827443978010000137e+04	1.125169779707351436e+00	1.537339213799999993e-02
5.827744186340000306e+04	1.154839480477351410e+00	1.567322193959999957e-02
5.828041923610000231e+04	1.194590705717351486e+00	1.607539341279999937e-02
5.828341910880000069e+04	1.186855387227351510e+00	1.599709264280000168e-02
5.828643503469999996e+04	1.209189462817351401e+00	1.622322113569999932e-02
5.829041783559999749e+04	1.190845338537351417e+00	1.603747743269999873e-02
5.829341127309999865e+04	1.181412933867351356e+00	1.594201076720000096e-02
5.830146146990000125e+04	1.249814334647351366e+00	1.663495714639999859e-02
5.830744256940000196e+04	1.209004314497351462e+00	1.622134579649999950e-02
5.831235635419999744e+04	1.234459978707351357e+00	1.647927782999999979e-02
5.831837734949999867e+04	1.139759350577351338e+00	1.552079253300000031e-02
5.832137695600000006e+04	1.154939061587351379e+00	1.567423114489999852e-02
5.833835975114999746e+04	1.202002939222351463e+00	1.615044082295000183e-02
5.834435359374999825e+04	1.158148549387351345e+00	1.570670991169999947e-02
5.835033545140000206e+04	1.255557991417351360e+00	1.669321177899999939e-02
5.836035898150000139e+04	1.245932596007351512e+00	1.659559114270000094e-02
5.836329519679999794e+04	1.280091856757351376e+00	1.694216005660000024e-02
5.836626987270000245e+04	1.336235556557351378e+00	1.751256333729999878e-02
5.836927474539999821e+04	1.300313526687351340e+00	1.714749666990000171e-02
5.837818944439999905e+04	1.251235369997351299e+00	1.664936712139999941e-02
5.838318821759999992e+04	1.262298925747351364e+00	1.676159531549999832e-02
5.838919133679999504e+04	1.287203463787351287e+00	1.701438875300000098e-02
5.839710532409999723e+04	1.359471266307351378e+00	1.774891113210000024e-02
5.840014557870000135e+04	1.345342505027351310e+00	1.760517880599999849e-02
5.842512826389999827e+04	1.309899334977351337e+00	1.724487712920000013e-02
5.842616942130000098e+04	1.300417621437351512e+00	1.714855340509999909e-02
5.842814923609999823e+04	1.340156026717351345e+00	1.755243123660000029e-02
5.843063393515000644e+04	1.305683146044018139e+00	1.720205787960000024e-02
5.845709526619999815e+04	1.436980061297351341e+00	1.853845921409999833e-02
5.860746740739999950e+04	1.246468680207351465e+00	1.660102959530000005e-02
5.863445946759999788e+04	1.366933706207351440e+00	1.782485081639999941e-02
5.863745902780000324e+04	1.400181066587351308e+00	1.816338529119999878e-02
5.864044354169999860e+04	1.398115865437351335e+00	1.814234800249999932e-02
5.864343898150000314e+04	1.465005753507351294e+00	1.882437024319999833e-02
5.864641850690000138e+04	1.396865878817351359e+00	1.812961642459999870e-02
5.864938101849999657e+04	1.397224120037351414e+00	1.813326407429999981e-02
5.866548212960000092e+04	1.328220544557351390e+00	1.743107580310000043e-02
5.866829957180000201e+04	1.366884551747351351e+00	1.782435168489999999e-02
5.867442252310000185e+04	1.334347775937351432e+00	1.749336914900000151e-02
5.867733629630000360e+04	1.338886393627351401e+00	1.753951906999999880e-02
5.868044307870000193e+04	1.360615409327351477e+00	1.776055242219999955e-02
5.868831513889999769e+04	1.507095815227351476e+00	1.925417493519999967e-02
5.869029579859999649e+04	1.469048653637351487e+00	1.886563349239999896e-02
5.869329420140000002e+04	1.454235029157351367e+00	1.871446442790000025e-02
5.869433292819999770e+04	1.469417724277351400e+00	1.886939968029999887e-02
5.869538364580000052e+04	1.467222677017351318e+00	1.884699878900000097e-02
5.870032908560000214e+04	1.396892536187351430e+00	1.812988864290000085e-02
5.870183150459999888e+04	1.412239264757351620e+00	1.828626974776666539e-02
5.870437140050000016e+04	1.407070252597351301e+00	1.823357715779999957e-02
5.870739951390000351e+04	1.339200892937351339e+00	1.754271835279999983e-02
5.871173031250000349e+04	1.314176545934018003e+00	1.728834959590000095e-02
5.871423830440000165e+04	1.319526347667351329e+00	1.734270361269999935e-02
5.871625989580000169e+04	1.288867183057351484e+00	1.703125347770000075e-02
5.872325682870000310e+04	1.275596053567351396e+00	1.689652836450000056e-02
5.872624312500000087e+04	1.292116283287351397e+00	1.706424481230000081e-02
5.873218842589999986e+04	1.265912952717351381e+00	1.679826323479999967e-02
5.874020821759999671e+04	1.305038853147351352e+00	1.719549464349999848e-02
5.874320706020000216e+04	1.393839492107351363e+00	1.809879096619999850e-02
5.874727636570000323e+04	1.400875556317351389e+00	1.817046061070000038e-02
5.875020737270000245e+04	1.515659437357351313e+00	1.934168166110000059e-02
5.875714355320000323e+04	1.408570260107351313e+00	1.824885955059999884e-02
5.876619070600000123e+04	1.481259320347351416e+00	1.899028680330000149e-02
5.877318518520000362e+04	1.579409940497351394e+00	1.999374433919999874e-02
5.877712031250000291e+04	1.621782465037351573e+00	2.042773960139999956e-02
5.878112488429999939e+04	1.778137913647351409e+00	2.203315206590000103e-02
5.878518339120000019e+04	1.748376907027351601e+00	2.172710767710000004e-02
5.878911296299999958e+04	1.810058079707351331e+00	2.236163450270000144e-02
5.879712983800000075e+04	1.778322498677351371e+00	2.203504973360000119e-02
5.880209258099999715e+04	1.836552964427351275e+00	2.263447418350000157e-02
5.880508686339999986e+04	1.942886387747351451e+00	2.373110041560000036e-02
5.881210664350000297e+04	1.863627833617351515e+00	2.291345462450000009e-02
5.898745866899999965e+04	1.636216092907351483e+00	2.057568296189999854e-02
5.899641993060000095e+04	1.663144349387351228e+00	2.085183331409999966e-02
5.899941545139999653e+04	1.713780222397351283e+00	2.137160725500000108e-02
5.901933607640000264e+04	1.911987759517351337e+00	2.341217314140000075e-02
5.902235511569999653e+04	1.827708424257351583e+00	2.254337583180000132e-02
5.902533459489999950e+04	1.811487091857351350e+00	2.237634598160000154e-02
5.903246076390000235e+04	1.965740461907351522e+00	2.396712975869999887e-02
5.903935559030000150e+04	1.823160241587351349e+00	2.249653744870000124e-02
5.904233467589999782e+04	1.820316921427351575e+00	2.246725802670000022e-02
5.904527391199999693e+04	1.835631540457351329e+00	2.262498164839999923e-02
5.904837431710000237e+04	1.834174598137351397e+00	2.260997347869999827e-02
5.905444010420000268e+04	1.824342250597351223e+00	2.250870854640000043e-02
5.905737738430000172e+04	1.848320231127351443e+00	2.275570151939999841e-02
5.906732859949999693e+04	1.799646742757351481e+00	2.225446555729999887e-02
5.907031429400000343e+04	1.826153542217351378e+00	2.252735933230000029e-02
5.908123028940000222e+04	1.849990514157351607e+00	2.277291018820000110e-02
5.909935937500000000e+04	1.738248625957351523e+00	2.162300452990000010e-02
5.911114738429999852e+04	1.777072062917351536e+00	2.202218936410000119e-02
5.912316858800000045e+04	1.878385042047351350e+00	2.306557985170000144e-02
5.913521233799999754e+04	1.878423014597351282e+00	2.306597290439999989e-02
5.913722740740000154e+04	1.874315085027351335e+00	2.302362173920000088e-02
5.913917015050000191e+04	1.931791179347351450e+00	2.361655337240000166e-02
5.914314895830000023e+04	1.861930725467351389e+00	2.289596264049999913e-02
5.914966830439999467e+04	1.910729564627351218e+00	2.339924948469999932e-02
5.915162698495000222e+04	1.909172205952351264e+00	2.338314562450000134e-02
5.915717353010000079e+04	1.906465372997351304e+00	2.335519512650000018e-02
5.915817736110000260e+04	1.954349040057351550e+00	2.384946687739999960e-02
5.916410045140000148e+04	1.918072642167351516e+00	2.347496317219999878e-02
5.916515380790000199e+04	1.895051915107351492e+00	2.323745794790000110e-02
5.916816451390000293e+04	1.914776385697351424e+00	2.344094741269999935e-02
5.917016530090000015e+04	1.906849782577351382e+00	2.335916017869999958e-02
5.917209673610000027e+04	1.918100541927351577e+00	2.347525075329999836e-02
5.917810996529999829e+04	1.905303989117351326e+00	2.334321153800000131e-02
5.918213001159999840e+04	1.963914681457351596e+00	2.394826910620000138e-02
5.932947736109999823e+04	2.019383417347351717e+00	2.452159253730000141e-02
5.933942614579999645e+04	2.084459264607350981e+00	2.519506420839999830e-02
5.934246240740000212e+04	2.119010827737351832e+00	2.555300490390000068e-02
5.934542239580000023e+04	2.180772478427351224e+00	2.619344810860000164e-02
5.935246219910000218e+04	2.034853158157351238e+00	2.468161052669999925e-02
5.935444325229999959e+04	2.127586630867351225e+00	2.564188550130000119e-02
5.936241863429999648e+04	1.998885440237351263e+00	2.430964841499999932e-02
5.936645280089999869e+04	1.981688918607351413e+00	2.413191314370000118e-02
5.936939870369999699e+04	1.971507212197351366e+00	2.402670861720000023e-02
5.937138082754999778e+04	1.978573212347351395e+00	2.409971710629999972e-02
5.937336346059999778e+04	1.995907298007351338e+00	2.427886464050000095e-02
5.937488072914999793e+04	1.973327146672351207e+00	2.404551124534999931e-02
5.937639934029999858e+04	1.969405006467351393e+00	2.400498847930000040e-02
5.937841968749999796e+04	1.936338690677351204e+00	2.366349706849999943e-02
5.938241913190000196e+04	1.932299621917351606e+00	2.362180293840000084e-02
5.939041982640000060e+04	1.855704195797351241e+00	2.283178875419999976e-02
5.939333577550000336e+04	1.818958262157351458e+00	2.245326856589999892e-02
5.939642024310000124e+04	1.819332273417351375e+00	2.245711986849999869e-02
5.939939937500000087e+04	1.809998728017351288e+00	2.236102482860000129e-02
5.940138471060000302e+04	1.816405564127351324e+00	2.242698483760000028e-02
5.940337731479999638e+04	1.805404812107351598e+00	2.231373375840000131e-02
5.940727989579999849e+04	1.834464255737351612e+00	2.261295493759999872e-02
5.940939887730000191e+04	1.810313924097351590e+00	2.236426908580000164e-02
5.941542144679999910e+04	1.858011270107351232e+00	2.285556338710000024e-02
5.941833841440000106e+04	1.759934780477351302e+00	2.184593598489999872e-02
5.942227974540000287e+04	1.860994715187351600e+00	2.288631199669999977e-02
5.942431084489999921e+04	1.846711512117351406e+00	2.273912580920000107e-02
5.942633594910000102e+04	1.855702107117351618e+00	2.283176772539999982e-02
5.942829575230000046e+04	1.839238634857351284e+00	2.266213859420000004e-02
5.943031228009999904e+04	1.831579692067351273e+00	2.258324428090000002e-02
5.943521467590000248e+04	1.821205327347351188e+00	2.247640698920000055e-02
5.943837224540000170e+04	1.785172198917351460e+00	2.210551703740000137e-02
5.944025366899999790e+04	1.769206697927351302e+00	2.194128756070000061e-02
5.944229392360000202e+04	1.770368215907351273e+00	2.195323319199999831e-02
5.945025368059999892e+04	1.750403500717351291e+00	2.174793946750000137e-02
5.945231093749999854e+04	1.748287366677351296e+00	2.172618708490000120e-02
5.945424881940000341e+04	1.726548102827351494e+00	2.150276980810000155e-02
5.945927381939999759e+04	1.773403537877351388e+00	2.198445105769999963e-02
5.946122935190000135e+04	1.732708399457351556e+00	2.156607194450000167e-02
5.946321065970000200e+04	1.791328859367351312e+00	2.216886534839999923e-02
5.946521321760000137e+04	1.791588636227351428e+00	2.217153849359999873e-02
5.946719116899999790e+04	1.734194411547351544e+00	2.158133961190000089e-02
5.946923402779999742e+04	1.805135238097351325e+00	2.231096231219999865e-02
5.947125468749999709e+04	1.788444959887351304e+00	2.213919243390000124e-02
5.947319071760000224e+04	1.802163928547351412e+00	2.228037479149999958e-02
5.947623372689999815e+04	1.805047429397351300e+00	2.231005499649999987e-02
5.948029959490000329e+04	1.761377599847351538e+00	2.186077245670000127e-02
5.948418986109999969e+04	1.828463570697351548e+00	2.255115153619999951e-02
5.948621386570000323e+04	1.827867272717351499e+00	2.254501216459999999e-02
5.948821538190000138e+04	1.760815166567351264e+00	2.185498905170000020e-02
5.949814524309999979e+04	1.702940285077351623e+00	2.126028283050000051e-02
5.950322611109999707e+04	1.705316204017351511e+00	2.128468209549999948e-02
5.950516938659999869e+04	1.638442455807351594e+00	2.059850741790000134e-02
5.951020721059999778e+04	1.588973434927351436e+00	2.009165623330000025e-02
5.952119282409999869e+04	1.580407996697351436e+00	2.000396104109999906e-02
5.952410900460000266e+04	1.561755589067351346e+00	1.981306002910000058e-02
5.952520496529999946e+04	1.510965449737351474e+00	1.929371688569999840e-02
5.952714545139999973e+04	1.478363337717351511e+00	1.896071631379999886e-02
5.954010802079999849e+04	1.591332957337351361e+00	2.011581525610000101e-02
5.970046883099999832e+04	1.516892018637351347e+00	1.935428025379999986e-02
5.970247371530000237e+04	1.520914925437351295e+00	1.939539623069999955e-02
5.971143552079999790e+04	1.582620546017351471e+00	2.002661260480000094e-02
5.971344280089999666e+04	1.547352122357351423e+00	1.966570922750000144e-02
5.972242010419999860e+04	1.535479181947351446e+00	1.954428801069999985e-02
5.972445825229999900e+04	1.491023549147351357e+00	1.908999530569999853e-02
5.972745981480000046e+04	1.500706001217351426e+00	1.918889358870000048e-02
5.973138159720000112e+04	1.489345111487351492e+00	1.907285177609999854e-02
5.973543888889999653e+04	1.526575735397351474e+00	1.945325730229999911e-02
5.973940120369999931e+04	1.475534370767351389e+00	1.893183800910000145e-02
5.974143884260000050e+04	1.495015339927351361e+00	1.913076400119999992e-02
5.974341868059999979e+04	1.500131768817351441e+00	1.918302789980000020e-02
5.974941935189999640e+04	1.540977569717351336e+00	1.960051500469999972e-02
5.975144037039999967e+04	1.563474292377351471e+00	1.983064684879999942e-02
5.975342182869999669e+04	1.567421141037351306e+00	1.987103571080000089e-02
5.975644328700000187e+04	1.582896138997351487e+00	2.002943339470000111e-02
5.976236812500000087e+04	1.500240965387351411e+00	1.918414292929999931e-02
5.976439868060000299e+04	1.562064663447351398e+00	1.981622220300000015e-02
5.976639932869999757e+04	1.549607459917351493e+00	1.968877761480000016e-02
5.976937642359999882e+04	1.535699502987351250e+00	1.954657935414999895e-02
5.977132556710000063e+04	1.579951086272351368e+00	1.999928390899999991e-02
5.978135686339999666e+04	1.652588283667351332e+00	2.074355765310000044e-02
5.978333046299999842e+04	1.638158245197351315e+00	2.059559512240000112e-02
5.978737468749999971e+04	1.596663392147351201e+00	2.017040475140000066e-02
5.978935851849999744e+04	1.630410073657351466e+00	2.051616394850000122e-02
5.979738039350000327e+04	1.621527721837351388e+00	2.042512799950000138e-02
5.980528401619999931e+04	1.574558890177351511e+00	1.994408927509999999e-02
5.980739601850000327e+04	1.444326115547351463e+00	1.861337950950000056e-02
5.980935143519999838e+04	1.442526583937351337e+00	1.859502555020000128e-02
5.981126723379999748e+04	1.447502191767351398e+00	1.864577526409999866e-02
5.981525425930000347e+04	1.404914203457351407e+00	1.821160483290000173e-02
5.981728194439999788e+04	1.383090192627351334e+00	1.798932208270000166e-02
5.981927403939999931e+04	1.412253836237351345e+00	1.828639596029999967e-02
5.982121995369999786e+04	1.390618919307351486e+00	1.806598920339999928e-02
5.982529261569999653e+04	1.338349456137351456e+00	1.753406066029999932e-02
5.982725116900000285e+04	1.394719584707351467e+00	1.810775420029999902e-02
5.983814883099999861e+04	1.285860399877351457e+00	1.700072331029999981e-02
5.984026377314999991e+04	1.247005776247351205e+00	1.660647968530000115e-02
5.984227447920000122e+04	1.218883925457351358e+00	1.632142754430000037e-02
5.984423089120000077e+04	1.232194383497351442e+00	1.645631175439999858e-02
5.984623068290000083e+04	1.242329604237351504e+00	1.655905911559999930e-02
5.984816512730000250e+04	1.236339984647351509e+00	1.649833328950000080e-02
5.985017337959999713e+04	1.234511540237351435e+00	1.647980001619999899e-02
5.985215172449999955e+04	1.298527553147351465e+00	1.712935426220000071e-02
5.985417071759999817e+04	1.279683573677351305e+00	1.693801714060000005e-02
5.985816418980000162e+04	1.285442907687351477e+00	1.699648385659999900e-02
5.986024230320000061e+04	1.281768095877351410e+00	1.695917698179999836e-02
5.986216993060000095e+04	1.289334094757351501e+00	1.703599354739999960e-02
5.986414508100000239e+04	1.256822535977351496e+00	1.670603788170000117e-02
5.986614615739999863e+04	1.301627792777351411e+00	1.716084416040000032e-02
5.986912925930000347e+04	1.274277677687351451e+00	1.688314695909999899e-02
5.987319700230000308e+04	1.252948963917351444e+00	1.666674775590000143e-02
5.987719439810000040e+04	1.285871346747351485e+00	1.700083607740000141e-02
5.987914844910000102e+04	1.291780422987351296e+00	1.706083262419999871e-02
5.988212751160000334e+04	1.282862054047351430e+00	1.697028385129999845e-02
5.988714875000000029e+04	1.315977975787351317e+00	1.730664370029999857e-02
5.988910930560000270e+04	1.351578750447351318e+00	1.766861029169999875e-02
5.989417505789999996e+04	1.326198924807351354e+00	1.741052426750000146e-02
5.989617701390000002e+04	1.325768312767351409e+00	1.740614734580000003e-02
5.989810876160000043e+04	1.327896799267351380e+00	1.742778451469999962e-02
5.990012996530000237e+04	1.389257971237351397e+00	1.805212886239999925e-02
5.990414622689999669e+04	1.401844279487351352e+00	1.818033016240000119e-02
