5.847247270830000343e+04	8.864850045098493503e-01	1.397407878949999925e-02
5.847655444439999701e+04	8.553964268898492929e-01	1.354259409260000040e-02
5.848053622690000338e+04	8.661413503398494029e-01	1.369158081830000075e-02
5.848751017359999969e+04	8.281145686688493601e-01	1.316500928509999925e-02
5.849149084489999950e+04	8.699496150498493563e-01	1.374442248270000069e-02
5.850549149310000212e+04	1.027882341669849264e+00	1.595191054150000079e-02
5.850854755789999763e+04	9.254954505898493888e-01	1.451728807969999979e-02
5.852250267359999998e+04	8.688256704198493718e-01	1.372882489819999934e-02
5.852646238430000085e+04	8.478568654198492816e-01	1.343814597469999983e-02
5.853893057870000484e+04	8.661543033748493325e-01	1.369176973804999906e-02
5.854143437499999709e+04	8.739500165798492759e-01	1.379995091749999965e-02
5.854351966440000251e+04	8.602671423898493597e-01	1.361011301889999969e-02
5.854734715280000091e+04	8.425899425198493109e-01	1.336522516980000012e-02
5.855642013890000089e+04	7.998611960155160849e-01	1.277532958533333235e-02
5.855886459490000561e+04	8.026564871695992531e-01	1.281394676382500118e-02
5.856025037034999696e+04	7.842251602581825631e-01	1.255976564360000020e-02
5.856131758104999608e+04	7.904754546243493163e-01	1.264578039340000064e-02
5.856778127895000216e+04	7.465667794061350282e-01	1.204261848738571485e-02
5.857281654514999536e+04	7.861478953088493205e-01	1.258624165029999936e-02
5.857334535304999736e+04	7.880214417373493374e-01	1.261205047690000004e-02
5.857485583329999645e+04	7.924252874105159883e-01	1.267264643943333442e-02
5.858080524304999562e+04	8.383200505558492388e-01	1.330632272134000052e-02
5.858133024309999746e+04	8.273432790668493464e-01	1.315435134179999965e-02
5.858236422455000138e+04	8.224837749271826093e-01	1.308722687993333321e-02
5.858382212384999730e+04	8.682468663423492661e-01	1.372085713507499929e-02
5.858525133679999999e+04	8.480443578331824384e-01	1.344074900233333501e-02
5.858675064810000185e+04	8.532974594523492495e-01	1.351355545342499895e-02
5.858781045135000022e+04	8.458965445565160834e-01	1.341101190423333277e-02
5.858940883100000065e+04	8.620015591998493321e-01	1.363416194729999940e-02
5.859124373845000082e+04	8.607484738831827631e-01	1.361685657086666480e-02
5.859245475114999863e+04	8.622955522423494390e-01	1.363825644472500126e-02
5.859426356479999959e+04	8.980355953631826704e-01	1.413473296370000055e-02
5.859632517939999525e+04	9.124605909173493234e-01	1.433559216257499977e-02
5.859776594329999352e+04	9.135856394758492538e-01	1.435124551531999880e-02
5.859877608214999782e+04	9.099011210748493284e-01	1.429990994104999961e-02
5.860022233799999958e+04	9.538596208298493195e-01	1.491345163470000033e-02
5.860690848959999857e+04	9.627708693265160100e-01	1.503813789416666609e-02
5.860830913775000226e+04	9.707617459298492069e-01	1.515002103016666740e-02
5.861227601275000052e+04	9.151329972548492009e-01	1.437280350440000090e-02
5.861672221639999771e+04	8.888698031898492058e-01	1.400726135442000031e-02
5.861739788775000488e+04	8.905447549398493035e-01	1.403054422635000020e-02
5.861927528354999959e+04	9.081283726298492454e-01	1.427623632269999984e-02
5.862822280090000277e+04	8.952065554298493932e-01	1.409535487620000062e-02
5.863326384259999759e+04	8.835403117698492625e-01	1.393315397390000078e-02
5.863628334490000270e+04	8.910318964898493732e-01	1.403729344489999982e-02
5.864230502310000156e+04	8.908499165598493530e-01	1.403476257310000072e-02
5.864523811340000248e+04	8.970059133798493622e-01	1.412038918669999976e-02
5.864876169559999835e+04	8.733071783065160520e-01	1.379111977213333395e-02
5.864978683450000244e+04	8.674937181531827690e-01	1.371037920776666669e-02
5.865120387155000208e+04	8.710498641998494218e-01	1.375971069887500092e-02
5.865220552664999559e+04	8.709748368065159951e-01	1.375866850373333450e-02
5.865478331595000054e+04	9.098294353323492789e-01	1.429910927759999936e-02
5.865720201390000148e+04	9.073068506998493987e-01	1.426377533520000081e-02
5.866018318290000025e+04	9.223774392298493829e-01	1.447379954729999946e-02
5.866322666670000035e+04	9.068444595098492655e-01	1.425733707459999992e-02
5.866732623839999724e+04	8.898306302498493192e-01	1.402058826629999991e-02
5.867330194440000196e+04	9.027755369798493579e-01	1.420068313540000064e-02
5.867630040510000254e+04	9.045295768498493594e-01	1.422510364530000029e-02
5.867826385419999860e+04	8.981354908198493359e-01	1.413610372870000020e-02
5.867973961804999999e+04	8.915369277948492766e-01	1.404437597060000098e-02
5.868169242474999919e+04	8.623936935148492910e-01	1.363970202824999964e-02
5.868376668405000237e+04	8.346673240263493554e-01	1.325561230240000082e-02
5.868820226849999744e+04	8.493814386398492733e-01	1.345926032020000086e-02
5.869020210650000081e+04	8.552737098398492943e-01	1.354089402820000086e-02
5.869121909720000258e+04	8.697617293598494115e-01	1.374181387970000064e-02
5.869222534720000112e+04	8.770872199998493990e-01	1.384351124729999924e-02
5.869374267365000560e+04	8.895997570848492852e-01	1.401740847940000090e-02
5.869630377310000040e+04	9.655677831098492536e-01	1.507727080160000017e-02
5.869980426504999923e+04	9.317669494948492837e-01	1.460517893875000126e-02
5.870430162040000141e+04	9.033149351298492835e-01	1.420819310099999920e-02
5.870622280090000277e+04	9.102449158698493470e-01	1.430469835179999996e-02
5.870822083330000169e+04	9.019236852798493409e-01	1.418882543460000048e-02
5.871170309609999822e+04	8.690532198998492941e-01	1.373199773713333453e-02
5.871615505790000316e+04	8.503686811498492037e-01	1.347293331310000022e-02
5.872016098380000039e+04	8.736302589098492444e-01	1.379551043210000029e-02
5.872318395829999645e+04	8.891824172598492559e-01	1.401157648820000080e-02
5.872615234950000013e+04	8.983682142998492548e-01	1.413934374040000039e-02
5.872816881940000167e+04	8.719956720698494035e-01	1.377282012809999921e-02
5.873365587965000304e+04	9.037144766123492712e-01	1.421387789792499974e-02
5.873418998845000169e+04	9.352640631431825557e-01	1.465366280183333370e-02
5.874913748840000335e+04	8.958946452898493007e-01	1.410492734760000061e-02
5.876014232639999682e+04	9.082475620798493576e-01	1.427687740699999999e-02
