5.820443116895000276e+04	8.112810758325036398e-01	1.136347082830000028e-02
5.820739656829999876e+04	8.028834795015036274e-01	1.126339265769999917e-02
5.821039851855000597e+04	7.980449809795036042e-01	1.120583865250000116e-02
5.822933563660000073e+04	8.022830147560036096e-01	1.125623692170000037e-02
5.823227221060000011e+04	8.452331767510036231e-01	1.176856891040000026e-02
5.823579499999999825e+04	8.593827417970036908e-01	1.193765113125000096e-02
5.823682275459999801e+04	8.528176867760035584e-01	1.185918748169999953e-02
5.824325379629999952e+04	8.554222118830036026e-01	1.189030416670000014e-02
5.824631377310000244e+04	8.638945276810037210e-01	1.199158511149999926e-02
5.824933679400000256e+04	8.935759664310036765e-01	1.234679883809999996e-02
5.825533701390000351e+04	8.625526926110036463e-01	1.197554188639999954e-02
5.825829336809999950e+04	8.603181389110036159e-01	1.194882689019999972e-02
5.826721549770000274e+04	8.416609533510036600e-01	1.172590685569999992e-02
5.827327255790000345e+04	8.578671710670036088e-01	1.191952728770000018e-02
5.827625462960000004e+04	8.541649166830036499e-01	1.187527835840000018e-02
5.828225145830000110e+04	8.317505994450036244e-01	1.160759696410000076e-02
5.828821079859999736e+04	8.393557869320036335e-01	1.169838080799999978e-02
5.829419203700000071e+04	8.132653781000036552e-01	1.138711103160000050e-02
5.830321112269999867e+04	8.379945529250035774e-01	1.168212900960000078e-02
5.830621474540000054e+04	8.155156958820035662e-01	1.141393990070000038e-02
5.831225440969999909e+04	9.015924184110035711e-01	1.244284041229999985e-02
5.831517020829999819e+04	8.807404614910037122e-01	1.219311498710000038e-02
5.832820534719999705e+04	8.802971385760036682e-01	1.218785620460000052e-02
5.833417652780000208e+04	8.172209094100035820e-01	1.143427021019999962e-02
5.833718293979999726e+04	8.058737936690035797e-01	1.129901645139999924e-02
5.836315601849999803e+04	7.814774884410036204e-01	1.100854712319999928e-02
5.848052506939999876e+04	8.413555729270035810e-01	1.172225978000000085e-02
5.848751584490000096e+04	8.292019260370036005e-01	1.157718390450000051e-02
5.849453961810000328e+04	8.266812968470036438e-01	1.154710847509999964e-02
5.850247072920000210e+04	8.169997731230036475e-01	1.143163427789999943e-02
5.850548266200000216e+04	8.215278116280035903e-01	1.148563249620000032e-02
5.850753694440000254e+04	8.063606245330036115e-01	1.130481770790000076e-02
5.851150165510000079e+04	7.727781161420036460e-01	1.090507851180000029e-02
5.852251983800000016e+04	6.931791855440035954e-01	9.961122196870000542e-03
5.852654473380000127e+04	6.902716778480035842e-01	9.926739560279999874e-03
5.854741703699999925e+04	5.995905795500036106e-01	8.858138709070000408e-03
5.856050075230000220e+04	6.345307918820035642e-01	9.269005302720000408e-03
5.856839872689999902e+04	6.816394238860036259e-01	9.824704628700000122e-03
5.857237981479999871e+04	6.958898948120035843e-01	9.993183530279999699e-03
5.857533478009999817e+04	6.839268505070036364e-01	9.851735643699999906e-03
5.858039829859999736e+04	6.896315267120035619e-01	9.919170433770000544e-03
5.858337593750000087e+04	7.070060176760035731e-01	1.012472352289999974e-02
5.859729711810000299e+04	7.662814890830036418e-01	1.082784671540000000e-02
5.859929427079999732e+04	7.502408013400035935e-01	1.063729653289999938e-02
5.860643606480000017e+04	7.665317854500036665e-01	1.083082208520000020e-02
5.861229420140000002e+04	7.869860056110036250e-01	1.107409440839999919e-02
5.861627275460000237e+04	7.961767017370036115e-01	1.118350617320000052e-02
5.861927280089999840e+04	7.988225320390036632e-01	1.121501680340000057e-02
5.863234167819999857e+04	8.288638572290035755e-01	1.157314830390000077e-02
5.863473135995000484e+04	8.483758751830036138e-01	1.180611825109999929e-02
5.863831678239999746e+04	8.653103394510035518e-01	1.200851530710000080e-02
5.864120934030000353e+04	8.645823018110037061e-01	1.199980936430000006e-02
5.864320874999999796e+04	8.578111405120035782e-01	1.191885763080000049e-02
5.864420896989999892e+04	8.808804754610035648e-01	1.219479174120000065e-02
5.865019174770000245e+04	8.658037066910035939e-01	1.201441467909999949e-02
5.865425131939999847e+04	8.735327979110036889e-01	1.210686481659999959e-02
5.865721101849999832e+04	8.773053452610035663e-01	1.215200640539999995e-02
5.866321225689999847e+04	8.648477385210036061e-01	1.200298364649999942e-02
5.867218165510000108e+04	8.437116295460036497e-01	1.175039669860000052e-02
5.867529945600000065e+04	8.179137227580036695e-01	1.144253300379999977e-02
5.867827057870000135e+04	8.037291533980036595e-01	1.127346421130000047e-02
5.868116754629999923e+04	7.741764220190036072e-01	1.092170498520000053e-02
5.869019478009999875e+04	7.167262456650036473e-01	1.023983123499999995e-02
5.869323423609999736e+04	7.079428488210036674e-01	1.013581399040000032e-02
5.870524962960000266e+04	6.530544911100035765e-01	9.487279901219999173e-03
5.871515416669999831e+04	6.707303128850036211e-01	9.695845710889999455e-03
5.871815641199999664e+04	7.041547250360036259e-01	1.009097278130000053e-02
5.872315309030000208e+04	7.075527016170035655e-01	1.013119550639999915e-02
5.872616380789999675e+04	7.355739336730036104e-01	1.046324433050000065e-02
5.872814678239999921e+04	7.332125468650035893e-01	1.043523608380000044e-02
5.876110158560000127e+04	6.995725135560035834e-01	1.003674863719999921e-02
5.885252486109999882e+04	6.345992293800035711e-01	9.269811189869999260e-03
5.885550211809999746e+04	6.413520840190035655e-01	9.349348771560000299e-03
5.886151994209999975e+04	6.873164488620036039e-01	9.891800874099999918e-03
5.886446217590000015e+04	6.725336438760035618e-01	9.717140374799999175e-03
5.887548188659999869e+04	6.897407299540035952e-01	9.920461495659999365e-03
5.887852458330000081e+04	6.797532430450036189e-01	9.802418028679999590e-03
5.888441979169999831e+04	6.442325126980036343e-01	9.383287075750000594e-03
5.888746064810000098e+04	6.364500456610036050e-01	9.291605921930000747e-03
5.889054357639999944e+04	6.209179830760036545e-01	9.108796510029999738e-03
5.890454615740000008e+04	6.593758593060036199e-01	9.561837464820000312e-03
5.891152355320000061e+04	6.736771799810036265e-01	9.730644190139999331e-03
5.893646236109999882e+04	5.618916128160036383e-01	8.416131838459999653e-03
5.894341994210000121e+04	5.731870043320036467e-01	8.548421399380000049e-03
5.896333435765000468e+04	5.534623799940036060e-01	8.317502584940000138e-03
5.896435706020000362e+04	5.425564401190036135e-01	8.189980712699999194e-03
5.896729160879999836e+04	5.444901018370036372e-01	8.212580923479999642e-03
5.897029499999999825e+04	5.300462083100035970e-01	8.043859913020000307e-03
5.897327024309999979e+04	5.212735021280036074e-01	7.941491368100000309e-03
5.897924824069999886e+04	5.958976297500035990e-01	8.814779510660000414e-03
5.899529755789999763e+04	6.719609843760036005e-01	9.710377985979999974e-03
5.899835262730000250e+04	6.825837637000036207e-01	9.835862773390000383e-03
5.900137087959999917e+04	6.706646499390036542e-01	9.695071210830000577e-03
5.900522857639999711e+04	6.753062002570036082e-01	9.749885033030000411e-03
5.900925290510000195e+04	7.099005846750036097e-01	1.015899224040000062e-02
5.901229520829999819e+04	7.224608767190036085e-01	1.030777642170000070e-02
5.901620021989999805e+04	7.357004727740036332e-01	1.046474439869999988e-02
5.901925472219999938e+04	7.421969665420036222e-01	1.054181864690000026e-02
5.902523134259999642e+04	7.525357072140036463e-01	1.066454455910000043e-02
5.902820112269999663e+04	7.526359414120036284e-01	1.066573630850000017e-02
5.903118887730000279e+04	7.754437237430036323e-01	1.093677579569999996e-02
5.903419505789999675e+04	7.954488143220036500e-01	1.117483884159999920e-02
5.904023172450000129e+04	8.049939541550036326e-01	1.128853310480000018e-02
5.904319093750000320e+04	7.572159654480036250e-01	1.072013154910000064e-02
5.904873966434999602e+04	7.309076244700035696e-01	1.040799125503333311e-02
5.905117232640000293e+04	7.258624524800035838e-01	1.034809062059999923e-02
5.905719001160000334e+04	7.261840931310036273e-01	1.035190318510000040e-02
5.905927682869999990e+04	7.597458220890036529e-01	1.075018389980000010e-02
5.906219114004999574e+04	7.538092313705035963e-01	1.067966883325000005e-02
5.906469114004999574e+04	7.499832465250035884e-01	1.063423864900000029e-02
5.906619516200000362e+04	7.593086459830036272e-01	1.074499079930000059e-02
5.906722714119999728e+04	7.540461639810036587e-01	1.068248284410000006e-02
5.907271858795000298e+04	7.594195361550035717e-01	1.074634177689999873e-02
5.907420841439999640e+04	7.558914453050036286e-01	1.070439792710000011e-02
5.907617557870000019e+04	7.411184477940035986e-01	1.052902044989999925e-02
5.907771229745000164e+04	7.030734969990035665e-01	1.007819381804999845e-02
5.908019270829999732e+04	7.045670163490036497e-01	1.009585338849999965e-02
5.921557716439999786e+04	6.428853594060036647e-01	9.367413760950000709e-03
5.921753807870000310e+04	6.023189961810035964e-01	8.890181408569999486e-03
5.922149718749999738e+04	6.019228512620036220e-01	8.885528903589999875e-03
5.922851674769999954e+04	6.474771822190036330e-01	9.421527251079999526e-03
5.923155641199999809e+04	6.631192305510036356e-01	9.606005756999999937e-03
5.924850365739999688e+04	6.520667953630036040e-01	9.475633672440000183e-03
5.925046478010000283e+04	6.958302705390035925e-01	9.992477247620000502e-03
5.925252600689999963e+04	6.372594250440035690e-01	9.301139233439999904e-03
5.925452777780000179e+04	6.505038842490036277e-01	9.457206677829999714e-03
5.926448335650000081e+04	6.286125671390035974e-01	9.199332410679999725e-03
5.926650305559999833e+04	6.625391761090035914e-01	9.599160934500000630e-03
5.926850346059999720e+04	6.035620777310035656e-01	8.904782854109999715e-03
5.927043980320000264e+04	6.114011490180035757e-01	8.996893836439999459e-03
5.927242371529999946e+04	5.754800671600036610e-01	8.575292549529999614e-03
5.927446141199999693e+04	5.659846597580036054e-01	8.464054144919999981e-03
5.927850744210000266e+04	5.669996111220035884e-01	8.475940914019999828e-03
5.929042340279999917e+04	5.479888245710036188e-01	8.253480917619999621e-03
5.929244015624999884e+04	5.573200032030036777e-01	8.362634571129999930e-03
5.929530986110000231e+04	5.469012991600036289e-01	8.240767410990000250e-03
5.929734564235000289e+04	5.589284249100036073e-01	8.381451741270000075e-03
5.930037095485000464e+04	5.459421999180036345e-01	8.229560570310000961e-03
5.930190736689999903e+04	5.357648166013370128e-01	8.110684268923333204e-03
5.930490868059999775e+04	5.660897536296704002e-01	8.465436578413332649e-03
5.930633576390000235e+04	5.371732163950035943e-01	8.127083292330000708e-03
5.930788019675000396e+04	5.541716227393368444e-01	8.325806623180000490e-03
5.930933933445000002e+04	5.597067751455035989e-01	8.390566514985001167e-03
5.931186403359999531e+04	5.906623969325035528e-01	8.753388585249998605e-03
5.931393173614999978e+04	6.158504512730035296e-01	9.049207812480000029e-03
5.931532761570000002e+04	6.215597480010036646e-01	9.116345520760000751e-03
5.931637327550000191e+04	6.222252045710036095e-01	9.124173843319999949e-03
5.931747815969999647e+04	6.459240570480035970e-01	9.403222163720000373e-03
5.931989025465000304e+04	6.693684426940036403e-01	9.679796291123332966e-03
5.932137791670000297e+04	6.743432373910036581e-01	9.738510224540000010e-03
5.932329738429999998e+04	6.776756964450035836e-01	9.777872956509999630e-03
5.932437846059999720e+04	6.725104605150036274e-01	9.716865961590000211e-03
5.932833311339999636e+04	6.541567062330035931e-01	9.500277007239999946e-03
5.933422843750000175e+04	6.695978015375035897e-01	9.682478307889999525e-03
5.933635864000000583e+04	6.800427737766704395e-01	9.805841777546666846e-03
5.933836888890000409e+04	6.967469108990036464e-01	1.000334461832000019e-02
5.933937355905000004e+04	7.058304039005036667e-01	1.011081831665000021e-02
5.934086740745000134e+04	7.017196147702535747e-01	1.006216723513750008e-02
5.934281807290000143e+04	6.954003718063369588e-01	9.987400527110000190e-03
5.934429499999999825e+04	6.874524328145036334e-01	9.893418585814999985e-03
5.934536064810000244e+04	7.098258804850036130e-01	1.015810781050000000e-02
5.934836954859999969e+04	7.407648828790036610e-01	1.052483643385000028e-02
5.934936382524999499e+04	7.463248050585036264e-01	1.059081491995000034e-02
5.935228310765000060e+04	7.646613013050036489e-01	1.080859515795000100e-02
5.935384443285000452e+04	7.763295420900035992e-01	1.094734324449999838e-02
5.935841543980000279e+04	7.611349343630036124e-01	1.076668802460000081e-02
5.936129612269999780e+04	7.560167988100036096e-01	1.070588743679999968e-02
5.936329943865000678e+04	7.514417097925035760e-01	1.065156447109999981e-02
5.936627424769999925e+04	7.411533227720036310e-01	1.052943417129999920e-02
5.936834436339999957e+04	7.639503857710036039e-01	1.080014205129999939e-02
5.937024748839999666e+04	7.712309602400035935e-01	1.088668252539999950e-02
5.937822806709999713e+04	8.012704776330036305e-01	1.124417466809999981e-02
5.938230115739999746e+04	8.084291804350036692e-01	1.132946804829999994e-02
5.938629486110000289e+04	8.521919852010035878e-01	1.185170321910000019e-02
5.938731245369999669e+04	8.753528247410036212e-01	1.212864190300000020e-02
5.939071965275000548e+04	8.298543137575036255e-01	1.158500108240000104e-02
5.939223355905000062e+04	8.153598046830036195e-01	1.141208061599999907e-02
5.939374516779999976e+04	8.309112474653369551e-01	1.159764179033333405e-02
5.939675420134999877e+04	8.398009194816702383e-01	1.170372329126666798e-02
5.939925666665000608e+04	8.779512017860036099e-01	1.215973362375000026e-02
5.940122914354999375e+04	8.808119066910036210e-01	1.219397079215000027e-02
5.940227556709999772e+04	8.631019537410036246e-01	1.198210833340000031e-02
5.940522930559999804e+04	8.579314723040035728e-01	1.192029579280000015e-02
5.940724723380000069e+04	8.553617374190035649e-01	1.188958139789999917e-02
5.940921521989999746e+04	8.397507279170036698e-01	1.170309738720000034e-02
5.941118732640000235e+04	8.028252736880036045e-01	1.126269556369999952e-02
5.941424678239999776e+04	8.035988579170035839e-01	1.127191298490000035e-02
5.941819167819999711e+04	8.403876577630036149e-01	1.171070158210000059e-02
5.941920583330000227e+04	8.749185093260036794e-01	1.212344982535000157e-02
5.942320732065000630e+04	8.889636211060034654e-01	1.229160744099999994e-02
5.942472931715000595e+04	8.924504729043369888e-01	1.233332388066666653e-02
5.942726866319999681e+04	8.901094822960036179e-01	1.230528465004999961e-02
5.942973668980000366e+04	8.568324359570036464e-01	1.190716236893333245e-02
5.943423575230000279e+04	8.487983819090035853e-01	1.181115698440000049e-02
5.943624593750000349e+04	8.402306422580035905e-01	1.170882771570000078e-02
5.943820050929999707e+04	8.197115559070036195e-01	1.146397095860000014e-02
5.944121275464999781e+04	8.060371181250036710e-01	1.130096845614999949e-02
5.944317776620000222e+04	7.860506560415037036e-01	1.106296417074999899e-02
5.945417131939999672e+04	7.959173538060035913e-01	1.118041839069999939e-02
5.946018387729999813e+04	8.027185324580036196e-01	1.126142410749999927e-02
5.960046681710000121e+04	4.993919728740036090e-01	7.686514462059999830e-03
5.962352290509999875e+04	5.400052910560035890e-01	8.160170507940000401e-03
5.962496320025000023e+04	5.353157086680035981e-01	8.105397046629998770e-03
5.962897330440000223e+04	5.583626918105035752e-01	8.374829717374999982e-03
5.963043739585000003e+04	5.601442754345036246e-01	8.395682743055001007e-03
5.963650260420000268e+04	5.715565067040035974e-01	8.529317647599999469e-03
5.963942397570000321e+04	5.711623819455036166e-01	8.524701487775000058e-03
5.964046343750000233e+04	5.520370352300035810e-01	8.300821915359999498e-03
5.964147668984999473e+04	5.471327987420036010e-01	8.243498808254999533e-03
5.967145358799999667e+04	5.927482840080036119e-01	8.777813240299999278e-03
5.967335049769999750e+04	6.181923276020035996e-01	9.076738357269999169e-03
5.967439715279999655e+04	6.363249960510035663e-01	9.290134443140000628e-03
5.967733190969999850e+04	6.483996466460035801e-01	9.432400462809999164e-03
5.967883456020000449e+04	6.417633450880035895e-01	9.354196753060000161e-03
5.968285178240000096e+04	6.568172687506703689e-01	9.531660681493333079e-03
5.968444891784999345e+04	6.633687534705036137e-01	9.608960535139999745e-03
5.968637452550000307e+04	7.033800383170035753e-01	1.008180433929999932e-02
5.968742949070000031e+04	6.828730334740036323e-01	9.839281445269999760e-03
5.969043616900000052e+04	6.897017816930036682e-01	9.920001697870000842e-03
5.969437902780000150e+04	6.902831409030035781e-01	9.926875157500000824e-03
5.969634041669999715e+04	6.886577342910036315e-01	9.907657267979999571e-03
5.969833783560000302e+04	6.803819914600036656e-01	9.809846787349999972e-03
5.969987568870000541e+04	6.823621256440035587e-01	9.833280880016665240e-03
5.970181767360000231e+04	6.843222621888608304e-01	9.856446941441429632e-03
5.971124938660000043e+04	6.785875998910035900e-01	9.788646242349999249e-03
5.971334774309999921e+04	6.949056777580036037e-01	9.981540697030000242e-03
5.971528658559999894e+04	7.227510761620036250e-01	1.031121444830000039e-02
5.972233562500000698e+04	7.611411197310036236e-01	1.076676415260000019e-02
5.972431648149999819e+04	7.393028041030036412e-01	1.050747765509999973e-02
5.972632907410000189e+04	7.210989208620036672e-01	1.029163600829999942e-02
5.973029555560000153e+04	6.971472260820036349e-01	1.000805586709999952e-02
5.973227406250000058e+04	6.766565635620036545e-01	9.765834465989999338e-03
5.973429789349999919e+04	7.011744366260036498e-01	1.005570281599999991e-02
5.973630865739999717e+04	7.120314383850036011e-01	1.018422412289999961e-02
5.973822708330000023e+04	7.116801714200036155e-01	1.018006399340000076e-02
5.974036668980000104e+04	7.241510415100036457e-01	1.032780683889999995e-02
5.974231644680000318e+04	7.376363001510035655e-01	1.048770769930000048e-02
5.974731266199999664e+04	7.764495513620036649e-01	1.094873862329999968e-02
5.974926968749999651e+04	7.864579785920036148e-01	1.106780939680000048e-02
5.975121178240000154e+04	7.813036234460035701e-01	1.100647821380000037e-02
5.975627508099999977e+04	7.830361047620035819e-01	1.102709168930000004e-02
5.976023449070000061e+04	8.099424671690036437e-01	1.134750338209999931e-02
5.976222815969999647e+04	8.058302610800036625e-01	1.129849788649999950e-02
5.976421432869999990e+04	7.902863671810036461e-01	1.111337625980000042e-02
5.976627483799999754e+04	7.770630329170036266e-01	1.095603553149999965e-02
5.976930407985000056e+04	7.711912078605036580e-01	1.088620984050000032e-02
5.977129415504999633e+04	7.686313435795035787e-01	1.085578835894999983e-02
5.978327672449999955e+04	7.559920565960036587e-01	1.070559329540000069e-02
5.978523432869999669e+04	7.942578525800035871e-01	1.116065805139999922e-02
5.978721258099999977e+04	7.893628619630036480e-01	1.110238320170000084e-02
5.979422847219999676e+04	7.932238778120036526e-01	1.114834665740000071e-02
5.979724689809999836e+04	8.208275184100035649e-01	1.147728043950000006e-02
