5.827046646989999863e+04	1.846955257178404253e-01	2.873471480720000103e-03
5.827546925929999998e+04	1.935907095008404244e-01	2.961209097590000120e-03
5.827947030090000044e+04	2.009654893348404026e-01	3.035234210979999899e-03
5.828242124999999942e+04	2.000136282078404104e-01	3.025614926860000029e-03
5.828544388890000118e+04	2.037953135658404080e-01	3.063938313819999926e-03
5.828842388889999711e+04	2.125869679598403894e-01	3.154158691119999993e-03
5.829144517359999736e+04	2.035181987868404097e-01	3.061119735299999874e-03
5.829438096059999953e+04	1.968107557008404174e-01	2.993389430990000145e-03
5.829746060189999844e+04	2.096914320358403971e-01	3.124273266680000025e-03
5.830046238430000085e+04	2.098767412148404010e-01	3.126180704170000192e-03
5.830345811339999636e+04	2.026517161528404165e-01	3.052318221679999923e-03
5.831346104170000035e+04	2.172570963188404369e-01	3.202711777099999813e-03
5.831449052079999819e+04	2.111121988158404239e-01	3.138917423409999952e-03
5.831641858800000045e+04	2.094494614008404199e-01	3.121783637900000120e-03
5.831943776619999699e+04	2.072374708808404353e-01	3.099077190099999973e-03
5.832246033560000069e+04	2.152790265568403916e-01	3.182094561249999929e-03
5.832543949070000235e+04	1.979733319058404051e-01	3.005062477690000153e-03
5.833591011574999720e+04	1.782811583223404273e-01	2.811295954774999627e-03
5.834047763890000351e+04	1.721567442188404184e-01	2.752788450340000036e-03
5.834341792819999682e+04	1.663386417668404060e-01	2.698023122839999805e-03
5.834588747109999531e+04	1.566858302191737606e-01	2.609147444876666350e-03
5.834839300930000172e+04	1.531158084928403995e-01	2.576607410909999892e-03
5.834941559605000657e+04	1.524450210558404017e-01	2.570567989305000065e-03
5.835093058450000535e+04	1.537060688808404296e-01	2.582018106145000068e-03
5.835239765625000291e+04	1.464859115648404209e-01	2.517412474914999809e-03
5.836090446180000436e+04	1.354833375398404038e-01	2.421778929964999837e-03
5.836381495369999902e+04	1.341986114325070811e-01	2.410892868963333564e-03
5.836640050925000105e+04	1.299261858563404148e-01	2.374633343244999823e-03
5.836788744790000055e+04	1.249190318318403881e-01	2.332937825515000313e-03
5.836932253474999743e+04	1.282117841273404113e-01	2.360255902140000195e-03
5.837085843170000589e+04	1.279957948498404163e-01	2.358521371085000110e-03
5.837288247105000482e+04	1.257726190821737700e-01	2.340037317050000076e-03
5.837485948495000048e+04	1.208481992715070563e-01	2.299628315709999551e-03
5.837632958330000110e+04	1.242914052228404065e-01	2.327765057709999842e-03
5.837784580439999991e+04	1.198561812985070862e-01	2.291714660086666567e-03
5.837936175930000172e+04	1.203185413588404029e-01	2.295304087299999875e-03
5.838036569440000312e+04	1.136645369488404056e-01	2.242003187649999930e-03
5.838241176504999748e+04	1.150324500703404085e-01	2.252995049970000184e-03
5.838342546299999958e+04	1.149548260908404007e-01	2.252233377189999906e-03
5.838537146409999696e+04	1.078743849348404171e-01	2.196785601850000103e-03
5.838886159144999692e+04	1.092463846363403990e-01	2.207378703729999912e-03
5.839031586809999862e+04	1.049765359978404033e-01	2.174496674779999826e-03
5.842324401619999844e+04	1.014563782448404117e-01	2.147841895630000011e-03
5.842519074070000352e+04	1.003558418628404114e-01	2.139592955449999990e-03
5.842622452550000162e+04	9.556455397984039979e-02	2.104161590309999892e-03
5.842819954279999365e+04	1.024271797048404153e-01	2.155152791850000089e-03
5.842968812500000058e+04	1.016856937183404086e-01	2.149608738150000226e-03
5.843121463539999968e+04	1.060794054643404150e-01	2.183413707705000005e-03
5.843415021989999514e+04	1.057411296683404278e-01	2.180370876949999648e-03
5.843521250000000146e+04	1.080975515518404206e-01	2.198468590420000080e-03
5.843671420139999827e+04	1.015487780561737385e-01	2.148654282476666465e-03
5.845711877310000273e+04	1.109365514208404124e-01	2.220547652199999968e-03
5.847217521989999659e+04	1.081437180388404029e-01	2.198824902020000190e-03
5.847409726275000139e+04	1.053849452423404054e-01	2.177843505215000097e-03
5.848214343750000262e+04	1.146834318328404101e-01	2.250077235850000187e-03
5.848714287614999921e+04	1.040629432198404147e-01	2.167539994390000040e-03
5.848814435190000222e+04	1.037256482048403983e-01	2.164977112400000119e-03
5.849113923610000347e+04	1.055106436173404161e-01	2.178578345789999957e-03
5.849364785300000221e+04	1.020055843035070631e-01	2.151977140479999825e-03
5.850315462965000188e+04	1.304173454143404132e-01	2.378724971499999834e-03
5.850964865165000083e+04	1.212366009748404028e-01	2.302890735984999653e-03
5.851113358799999696e+04	1.107437375008404057e-01	2.219039553529999955e-03
5.864242159720000200e+04	8.831139873884041869e-02	2.052047241870000142e-03
5.864947174770000129e+04	8.453330654484042528e-02	2.025653695189999839e-03
5.865547799769999983e+04	8.815139976184041548e-02	2.050918840459999871e-03
5.865846896990000096e+04	8.110377666684040476e-02	2.002154322550000077e-03
5.866147268520000216e+04	8.140732454684040942e-02	2.004215134700000015e-03
5.867445327549999638e+04	7.270038227384040264e-02	1.946485926320000058e-03
5.867744579860000522e+04	7.403854149734040435e-02	1.955194820350000112e-03
5.868046008104999783e+04	7.218773445334039640e-02	1.943180678584999904e-03
5.868395424769999954e+04	7.608620566684040631e-02	1.968794075906666642e-03
5.868547959490000358e+04	7.580866806884040132e-02	1.966753850419999949e-03
5.868846289350000006e+04	7.506129743734041293e-02	1.961862672854999996e-03
5.869045287039999675e+04	7.826642333984040745e-02	1.983048805230000142e-03
5.869147435185000359e+04	7.779315608934039838e-02	1.979900691045000018e-03
5.869342259259999992e+04	8.066450369584041158e-02	1.999175960719999819e-03
5.869944135419999657e+04	8.538579513484040318e-02	2.031562403620000047e-03
5.870096645254999748e+04	8.334381783084041095e-02	2.017478925915000120e-03
5.870394321759999730e+04	8.347685666734042109e-02	2.018393006335000069e-03
5.870540041670000210e+04	8.331730740584042394e-02	2.017269431999999928e-03
5.870693839700000535e+04	8.804817059684039160e-02	2.050310989393332953e-03
5.870846028939999815e+04	8.562285957384041524e-02	2.033211119790000014e-03
5.870946539929999562e+04	8.536291954784042124e-02	2.031416078074999888e-03
5.871247867475000385e+04	8.470293191784039610e-02	2.027127995465000023e-03
5.871740680560000328e+04	9.301393876484040368e-02	2.085623012579999967e-03
5.871841244210000150e+04	9.351893331184041314e-02	2.089274624140000005e-03
5.872289931715000421e+04	9.887965615284041720e-02	2.128595044480000031e-03
5.872443513890000031e+04	9.450166091684042424e-02	2.096407999930000130e-03
5.872739993055000377e+04	9.985160551584043587e-02	2.135827802115000153e-03
5.873047267360000114e+04	9.832400765484042293e-02	2.124471724430000100e-03
5.873238209490000008e+04	9.725707975984040909e-02	2.116587739790000162e-03
5.873344809610000084e+04	9.631837585884039932e-02	2.109696085294999676e-03
5.873645817130000069e+04	9.842809171684041569e-02	2.125243065929999925e-03
5.873782713540000259e+04	1.028282913743404081e-01	2.158453227490000209e-03
5.873917716439999640e+04	1.058715157708404186e-01	2.181337610469999844e-03
5.874117822919999890e+04	9.200951536684040533e-02	2.078384805800000037e-03
5.874367829860000347e+04	1.031794974208404270e-01	2.160840463504999816e-03
5.874669009834999451e+04	1.049259017658404070e-01	2.174177278164999942e-03
5.874817690969999967e+04	1.046631306128404104e-01	2.172108329270000006e-03
5.874917843749999884e+04	1.052991154448404132e-01	2.176959478229999884e-03
5.875117637729999842e+04	1.059991979518404015e-01	2.182317521689999817e-03
5.875417604169999686e+04	1.160309290848404173e-01	2.260804264190000110e-03
5.875818524310000066e+04	1.092253519628404168e-01	2.207209167289999902e-03
5.876167654514999595e+04	1.099784080613404047e-01	2.213120898055000001e-03
5.876317775460000121e+04	1.072167909928403995e-01	2.191672340139999911e-03
5.876435655089999636e+04	1.125679342058404087e-01	2.233351736980000203e-03
5.878121298609999940e+04	1.233669064158404161e-01	2.320169767250000042e-03
5.878819013889999769e+04	1.230685279488404060e-01	2.317723501460000092e-03
5.879120776620000106e+04	1.166946319858404024e-01	2.266107284749999898e-03
5.879419659725000383e+04	1.173544573473404018e-01	2.271852630530000160e-03
5.879719855324999662e+04	1.160390490228404015e-01	2.261464831934999978e-03
5.880019130790000054e+04	1.200351095308404004e-01	2.293006342989999894e-03
5.880222315969999909e+04	1.147120392448404136e-01	2.250303739429999807e-03
5.881117190970000229e+04	1.417275247468404165e-01	2.475594878829999890e-03
5.882810584489999746e+04	1.488379934218404255e-01	2.538267210360000119e-03
5.885210011569999915e+04	1.390282541618404200e-01	2.452155578559999955e-03
5.885908229169999686e+04	1.378501416728404039e-01	2.441989200329999863e-03
5.886212533560000156e+04	1.431649723068404156e-01	2.488157083519999899e-03
5.887166064235000522e+04	1.358018822688404070e-01	2.424556540790000041e-03
5.887513216439999815e+04	1.260209146188404072e-01	2.342042254260000116e-03
5.888011137730000337e+04	1.254033804198404212e-01	2.336935910809999958e-03
5.888510037040000316e+04	1.216749447528404082e-01	2.306334186769999801e-03
5.903035822919999919e+04	1.254484173658404200e-01	2.337307905420000099e-03
5.903345965279999655e+04	1.128977411468404246e-01	2.235948509069999885e-03
5.903648251159999927e+04	1.080988104518404158e-01	2.198478300080000149e-03
5.903892223379999632e+04	1.040578810013404187e-01	2.167710770485000230e-03
5.904336129629999778e+04	1.042445568658404154e-01	2.168920096920000200e-03
5.904848569439999847e+04	1.032776157938403994e-01	2.161579710909999983e-03
5.905248674770000071e+04	9.908695828784042092e-02	2.130133681539999983e-03
5.905449723380000069e+04	9.728630865584042553e-02	2.116801837730000139e-03
5.906343646989999979e+04	1.001433382868404109e-01	2.138004935940000188e-03
5.906639876160000131e+04	9.644538678184041980e-02	2.110616991690000138e-03
5.907196694445000321e+04	1.027065183703404216e-01	2.157269399664999733e-03
5.907339235529999860e+04	1.022151244208404086e-01	2.153660821409999863e-03
5.908983910880000622e+04	1.013571811398404354e-01	2.147095918215000034e-03
5.909131184029999713e+04	1.017690449668404162e-01	2.150191490739999933e-03
5.909234116899999935e+04	1.007742020858404253e-01	2.142723243220000153e-03
5.909341741899999761e+04	9.506252014184041199e-02	2.100494879889999895e-03
5.911726859949999925e+04	9.224520683684039879e-02	2.080081029239999862e-03
5.912028231480000250e+04	8.244463829284040535e-02	2.011288637869999840e-03
5.912180595485000231e+04	8.321204585084041039e-02	2.016908283490000120e-03
5.912538103009999759e+04	8.409351040984042180e-02	2.022614663840000167e-03
5.912932915510000021e+04	8.318264994084040298e-02	2.016346508199999901e-03
5.915224982640000235e+04	7.244202874984040363e-02	1.944819688440000078e-03
5.915430395829999907e+04	7.423152123784040879e-02	1.956422610360000151e-03
5.915730500000000029e+04	7.608090828084040913e-02	1.968548514330000117e-03
5.916423362269999780e+04	8.891911338884039839e-02	2.056342977140000056e-03
5.918017445600000065e+04	9.364923838684041657e-02	2.090218315289999861e-03
5.918217276619999757e+04	7.824866516284040285e-02	1.982931221060000009e-03
5.918417310189999989e+04	7.532855158884041447e-02	1.963597189829999895e-03
5.919867493634999846e+04	7.988101077134041050e-02	1.994438761794999765e-03
5.920217209490000096e+04	7.334915917384041140e-02	1.950684419799999939e-03
5.920410770829999819e+04	7.269941680084041069e-02	1.946479716469999956e-03
5.921110399309999775e+04	7.834985390884041667e-02	1.983606871919999914e-03
5.921613462959999742e+04	7.394266345484040714e-02	1.954541208100000083e-03
5.921810342590000073e+04	7.267624785684040356e-02	1.946329907820000061e-03
5.922314521989999776e+04	7.444473705684040432e-02	1.957812381119999889e-03
5.922711137730000337e+04	7.598446731884039851e-02	1.967910727870000182e-03
5.922917521989999659e+04	8.753123679484040021e-02	2.046555333220000019e-03
5.923113581020000129e+04	9.289480917684039829e-02	2.084764041889999951e-03
5.938243578700000216e+04	1.202070430038404136e-01	2.294400206030000177e-03
5.938543160879999778e+04	1.174840211178404259e-01	2.272432688229999911e-03
5.939144361110000318e+04	1.054540700218404015e-01	2.178143018200000107e-03
5.940340150459999859e+04	9.782637658684040227e-02	2.120789220959999957e-03
5.940544437499999913e+04	9.503490264884040251e-02	2.100293385870000053e-03
5.941844278939999640e+04	8.126628349684042463e-02	2.003258340299999933e-03
5.942245729169999686e+04	8.117268966084040249e-02	2.002620813680000209e-03
5.942589987850000034e+04	8.144062173250707359e-02	2.004519199733333350e-03
5.942842946759999904e+04	8.072503271284039994e-02	1.999585674179999925e-03
5.944645457180000085e+04	8.388076188084039875e-02	2.021148578419999786e-03
5.944925589699999546e+04	8.599453673734042125e-02	2.035818011075000294e-03
5.945387876160000451e+04	8.243660139250710839e-02	2.011244730736666628e-03
5.947436467009999615e+04	8.602891265784040620e-02	2.036093115489999612e-03
5.947627799190000223e+04	8.782056888934042238e-02	2.048598352615000132e-03
5.947731427080000140e+04	9.323976350884041753e-02	2.087255702690000037e-03
5.948035861685000418e+04	8.737861102184041329e-02	2.045517175139999894e-03
5.948437331019999692e+04	9.449147289984041742e-02	2.096333041480000128e-03
5.950280232640000031e+04	1.078518655085070888e-01	2.196828857206666388e-03
5.950423203700000158e+04	1.119792050833404162e-01	2.228722307279999877e-03
5.951221854745000019e+04	1.051984296478404302e-01	2.176280718304999737e-03
5.953013721645000624e+04	1.038448387478404233e-01	2.165882015284999879e-03
5.953175111689999903e+04	9.905862585484040417e-02	2.129967195989999808e-03
5.953771069444999739e+04	9.514473592134042867e-02	2.101204930810000003e-03
5.954024965279999742e+04	9.595600779684040904e-02	2.107026989860000081e-03
5.955021321760000137e+04	9.088143804884041277e-02	2.070297587710000047e-03
5.975543329860000085e+04	1.158132450188404106e-01	2.259067954429999896e-03
5.975741123840000364e+04	1.173100418828404157e-01	2.271057865035000164e-03
5.976841284720000112e+04	1.271455922998404042e-01	2.351372443729999803e-03
5.978044452545000240e+04	1.180366332128404139e-01	2.276877863639999861e-03
5.980141600689999905e+04	1.280058522988404002e-01	2.358536430749999958e-03
5.980344153940000251e+04	1.306943098488404231e-01	2.381055623300000132e-03
5.980832619210000121e+04	1.342693112398403998e-01	2.411318665509999942e-03
5.981038371529999858e+04	1.354844481918404120e-01	2.421686991499999875e-03
5.981242550930000289e+04	1.364570482518404071e-01	2.430015179920000119e-03
5.982940050930000143e+04	1.447967003978403999e-01	2.502482744559999910e-03
5.984038814809999894e+04	1.844551347528404217e-01	2.871125441220000185e-03
5.984427108800000133e+04	1.964310372848404040e-01	2.989583685609999847e-03
5.984731410879999748e+04	2.184445633568404266e-01	3.215125947199999959e-03
5.984928245369999786e+04	2.078031318128404359e-01	3.104872762680000158e-03
5.985628190970000287e+04	2.146558514608404300e-01	3.175616472769999827e-03
5.985840439809999953e+04	2.185866100158403991e-01	3.216612016869999958e-03
5.986238379629999690e+04	2.000282234208404231e-01	3.025761285109999921e-03
5.986438993060000212e+04	2.157982516858404365e-01	3.187499542599999975e-03
5.986626471060000040e+04	2.245167905888403870e-01	3.279026368929999821e-03
5.987124856480000017e+04	2.266983917258403869e-01	3.302156177969999950e-03
5.987321391199999925e+04	2.308479819498404084e-01	3.346399310160000015e-03
5.987629101850000006e+04	2.627910181538404277e-01	3.697353552889999853e-03
5.988222646990000067e+04	2.161887125278403876e-01	3.191566154899999792e-03
5.988525686339999811e+04	2.209019043038404351e-01	3.240899653050000138e-03
5.989424690969999938e+04	2.064109488978403961e-01	3.090618161930000062e-03
5.989820096059999923e+04	1.924526908388404234e-01	2.949888966670000025e-03
5.990019716440000047e+04	1.974051150718404146e-01	2.999353129269999828e-03
5.990227723379999952e+04	1.864084744108404079e-01	2.890233102389999989e-03
5.990414967590000015e+04	1.706481801468404114e-01	2.738512399950000006e-03
5.990619278939999640e+04	1.683409835338404159e-01	2.716779414329999892e-03
5.990823657410000305e+04	1.668860453878404093e-01	2.703140226219999907e-03
5.991014453700000013e+04	1.594435032198404101e-01	2.634171938379999828e-03
5.992215796299999784e+04	1.357529389228404049e-01	2.423984266279999907e-03
5.993020627309999691e+04	1.372851130288404164e-01	2.437126117250000036e-03
5.993319329860000289e+04	1.326033871618404192e-01	2.397172275420000106e-03
5.993518520829999761e+04	1.304548861318404196e-01	2.379042486069999837e-03
