5.820235561340000277e+04	9.453732029967677475e-01	1.458057702580000010e-02
5.820538476850000006e+04	9.520136675267675264e-01	1.467680875744999981e-02
5.822929042820000177e+04	9.260558927087676473e-01	1.430085782449999968e-02
5.823229171299999871e+04	9.234628109067676283e-01	1.426333325409999929e-02
5.823531319439999788e+04	9.046757917437676655e-01	1.399165160480000079e-02
5.824325331020000158e+04	8.900338040547676188e-01	1.378013181829999996e-02
5.824629324069999711e+04	8.973334514097676129e-01	1.388555810989999979e-02
5.824933726849999948e+04	9.128959180247676608e-01	1.411048453949999976e-02
5.825521171299999696e+04	9.028190564857676570e-01	1.396481870850000036e-02
5.825827398150000226e+04	9.236258004527676535e-01	1.426569134599999997e-02
5.826721184029999858e+04	9.338241886367676381e-01	1.441330591819999993e-02
5.827027111110000260e+04	9.457551855267677388e-01	1.458611229220000034e-02
5.827323465279999800e+04	9.418379947167675459e-01	1.452936097400000029e-02
5.827623212960000092e+04	9.558727168567676680e-01	1.473275017769999987e-02
5.827921106480000162e+04	9.681483376867675572e-01	1.491078159880000059e-02
5.828225237270000071e+04	9.858499864067676866e-01	1.516773348800000074e-02
5.828821217590000015e+04	1.011560675766767670e+00	1.554140639929999998e-02
5.829418973379999807e+04	1.047157198806767830e+00	1.605964120009999857e-02
5.830022923609999998e+04	1.031929722416767614e+00	1.583782678780000161e-02
5.830419276620000164e+04	1.015467026096767533e+00	1.559822646070000048e-02
5.834815222219999850e+04	9.457720824167675788e-01	1.458635649209999961e-02
5.848052370369999699e+04	8.925136862307676555e-01	1.381594178199999946e-02
5.848751722219999647e+04	8.584700654977676093e-01	1.332483123499999915e-02
5.849151806709999801e+04	8.454620958197676117e-01	1.313746541890000070e-02
5.849454098379999778e+04	8.451684646417676472e-01	1.313323862310000062e-02
5.850246623839999666e+04	8.697073944267675882e-01	1.348682101140000027e-02
5.850546364580000227e+04	8.385121753647676313e-01	1.303742633140000072e-02
5.850753557870000077e+04	8.677557880697676085e-01	1.345867936539999962e-02
5.852252120370000193e+04	8.612715176847676180e-01	1.336520215539999980e-02
5.852647311340000306e+04	8.676483025947676619e-01	1.345712961350000077e-02
5.853941659719999734e+04	8.317490359517676346e-01	1.294011968729999983e-02
5.854739587960000063e+04	8.146253806977676870e-01	1.269395152780000008e-02
5.855744229169999744e+04	8.253886463987676336e-01	1.284865093500000069e-02
5.856029163189999963e+04	8.282401232377676337e-01	1.288965364670000002e-02
5.858131917819999944e+04	8.338106299347676220e-01	1.296977783669999926e-02
5.858428797450000275e+04	8.197176526717676603e-01	1.276712779199999995e-02
5.859125082180000027e+04	8.113262570537675966e-01	1.264655652310000059e-02
5.859427365740000096e+04	8.291532746647676255e-01	1.290278578849999962e-02
5.859729576390000148e+04	8.473505134047676357e-01	1.316465553529999957e-02
5.859926681709999684e+04	8.330246679727676407e-01	1.295847075799999928e-02
5.860637840280000091e+04	8.147415347687676501e-01	1.269561972059999981e-02
5.861227208329999849e+04	8.025964580257676229e-01	1.252119703469999935e-02
5.861623298610000347e+04	7.736490777867676139e-01	1.210606972649999960e-02
5.861927180560000124e+04	7.727819480147676279e-01	1.209364870089999974e-02
5.863325237270000071e+04	7.776687738417676909e-01	1.216366342419999969e-02
5.863627445599999919e+04	7.735975866557676106e-01	1.210533305090000060e-02
5.863923174770000333e+04	7.515835855077676042e-01	1.179021947390000019e-02
5.864229795140000351e+04	7.535688491857676086e-01	1.181861611499999964e-02
5.864523290509999788e+04	7.528390840307676024e-01	1.180817707859999934e-02
5.864920777780000208e+04	7.154813486887676710e-01	1.127457083489999921e-02
5.865217136570000002e+04	7.117401725217676889e-01	1.122121778599999981e-02
5.865523288190000312e+04	7.438857730207676378e-01	1.168015224149999975e-02
5.866121319439999934e+04	7.245717223237676530e-01	1.140427397129999999e-02
5.866519197919999715e+04	7.290079148977676171e-01	1.146760398769999974e-02
5.866820767360000173e+04	7.236689301257676066e-01	1.139138857970000036e-02
5.867629431710000063e+04	7.125020421817676031e-01	1.123208172090000082e-02
5.867927971059999982e+04	7.051731820927676919e-01	1.112760286670000029e-02
5.868216740739999659e+04	7.031041655597676243e-01	1.109811947710000017e-02
5.869019616900000256e+04	6.927029446057676454e-01	1.094997201050000070e-02
5.871615033560000302e+04	6.920970410987676846e-01	1.094134649409999986e-02
5.872015188659999694e+04	6.681958562967676984e-01	1.060140664080000059e-02
5.883156657409999752e+04	6.330683404457676522e-01	1.010303792260000035e-02
5.885056196759999875e+04	6.746831405407676119e-01	1.069360813219999949e-02
5.885354100689999905e+04	6.647129084367676688e-01	1.055192704519999913e-02
5.885654498839999724e+04	6.745336335067676492e-01	1.069148155559999924e-02
5.886149891200000275e+04	6.611942162907676890e-01	1.050195208549999960e-02
5.887550001160000102e+04	7.099162844987676468e-01	1.119521266000000036e-02
5.887852368060000299e+04	7.045008105207676286e-01	1.111802116539999975e-02
5.888150370370000019e+04	7.001701759447676032e-01	1.105631760339999964e-02
5.888441932870000164e+04	6.951172006767676326e-01	1.098434768389999934e-02
5.888745973380000214e+04	6.821821041307676303e-01	1.080024793539999944e-02
5.889146070599999803e+04	6.830588110727676687e-01	1.081272031349999989e-02
5.890443870369999786e+04	7.465489190287676324e-01	1.171822374670000028e-02
5.891143576390000089e+04	7.256661378767675918e-01	1.141989481899999964e-02
5.894340887729999667e+04	7.618850883647676486e-01	1.193761327499999990e-02
5.896233622689999902e+04	7.622706253267675924e-01	1.194313199330000047e-02
5.896540039350000006e+04	7.554749059407676048e-01	1.184588326069999954e-02
5.897227350689999730e+04	7.580869694507675893e-01	1.188325714459999988e-02
5.898040143520000129e+04	7.438255528917676607e-01	1.167929164780000077e-02
5.899129461810000066e+04	7.226769649847676336e-01	1.137723175460000034e-02
5.899530037040000025e+04	7.364820504937676926e-01	1.157435016200000083e-02
5.899833732639999653e+04	7.146694079847676351e-01	1.126299002709999983e-02
5.900137181710000004e+04	7.136668937137676805e-01	1.124869224839999959e-02
5.901819986110000173e+04	7.034954884227676564e-01	1.110369548719999933e-02
5.902420112269999663e+04	7.315795780997675912e-01	1.150432599710000080e-02
5.902721230320000177e+04	7.376914081147676328e-01	1.159162906379999913e-02
5.903219334489999892e+04	7.227392932757676913e-01	1.137812025760000061e-02
5.903520591440000135e+04	7.282603181227675915e-01	1.145692990560000062e-02
5.903823295140000118e+04	7.238385388827676126e-01	1.139380947719999954e-02
5.904119084489999659e+04	7.277539441047676805e-01	1.144969935510000043e-02
5.904872974534999958e+04	7.003063443857676651e-01	1.105826538955000105e-02
5.905517721059999894e+04	6.877930375557675946e-01	1.088008258889999920e-02
5.906022921299999871e+04	6.751221886687676088e-01	1.069984823450000067e-02
5.906219253469999967e+04	6.489045699097676367e-01	1.032752744710000066e-02
5.906518949070000235e+04	6.171110313307676121e-01	9.877148288769999757e-03
5.920250354170000355e+04	6.597240460587676658e-01	1.048107689610000039e-02
5.921754295139999886e+04	6.125127530557676891e-01	9.812116095349999664e-03
5.922352564810000331e+04	6.083386964357676563e-01	9.753106422160000635e-03
5.922851956020000216e+04	6.083010213247675990e-01	9.752574466200000444e-03
5.923154714119999699e+04	6.159144520867676498e-01	9.860222782709999328e-03
5.925046336809999775e+04	6.953104712517675923e-01	1.098710062459999984e-02
5.925650846060000185e+04	6.693374548377676314e-01	1.061762835039999943e-02
5.926352061339999636e+04	6.905861371427676199e-01	1.091983613329999998e-02
5.926542071759999817e+04	6.999714095797676672e-01	1.105348479080000071e-02
5.926738008100000297e+04	6.907951612327676294e-01	1.092281220850000074e-02
5.926945767360000173e+04	6.727947982757676026e-01	1.066676390420000058e-02
5.927142287039999792e+04	6.849291211567676285e-01	1.083932838270000067e-02
5.927339971060000244e+04	6.521899439857676839e-01	1.037413895800000027e-02
5.927833972219999850e+04	6.659478834507676082e-01	1.056946896470000070e-02
5.929042199070000061e+04	6.455300994567676476e-01	1.027966497899999998e-02
5.929243444440000167e+04	6.383732463967676241e-01	1.017820358819999937e-02
5.929735342590000073e+04	6.472226607547676425e-01	1.030367045679999975e-02
5.930037425345000520e+04	6.284550709112676214e-01	1.003772412581999986e-02
5.930189698494999902e+04	6.258934446257676809e-01	1.000146321733499932e-02
5.930441402774999733e+04	6.374504194137676771e-01	1.016512645614999974e-02
5.930933791670000210e+04	6.500357967847676388e-01	1.034357460639999914e-02
5.931135960650000197e+04	6.519700985827676654e-01	1.037101890150000059e-02
5.931329032410000218e+04	6.773959799047676311e-01	1.073217826529999919e-02
5.931729133100000035e+04	6.813001569637676669e-01	1.078770263590000077e-02
5.932137980319999770e+04	6.796489328277676156e-01	1.076421714339999974e-02
5.932329312499999651e+04	6.728429109757676496e-01	1.066744745499999952e-02
5.932535960650000197e+04	6.763441934367676600e-01	1.071722308929999937e-02
5.932933633099999861e+04	6.791871268737675882e-01	1.075764934959999933e-02
5.933839799769999809e+04	6.785503550837675979e-01	1.074859396709999977e-02
5.934327458330000081e+04	6.782352866527676660e-01	1.074411296299999929e-02
5.934536204859999998e+04	6.899615171667676794e-01	1.091094577289999923e-02
5.935221284719999676e+04	6.861783295467676069e-01	1.085710426740000081e-02
5.935333614579999994e+04	6.794117538467676631e-01	1.076084319339999998e-02
5.935434265624999534e+04	6.824024692062676811e-01	1.080342809160000049e-02
5.935929131939999934e+04	6.588770799327676730e-01	1.046905093750000008e-02
5.936220819440000196e+04	6.709461871777676611e-01	1.064048964410000027e-02
5.936329943289999937e+04	6.737328675037675962e-01	1.068009889029999937e-02
5.936627518520000012e+04	6.665705757567675915e-01	1.057831539599999975e-02
5.937024608799999987e+04	6.746907200347675992e-01	1.069371507589999930e-02
5.937423240739999892e+04	6.674823953627676554e-01	1.059127019650000015e-02
5.937625023150000197e+04	6.814315490767676176e-01	1.078957150590000025e-02
5.938325674769999750e+04	6.592548880837676428e-01	1.047441508569999999e-02
5.938729400460000033e+04	6.630226789157676048e-01	1.052791905820000054e-02
5.939121340280000004e+04	6.620699427057676889e-01	1.051438798090000015e-02
5.939525438659999782e+04	6.533557688807676289e-01	1.039068097600000067e-02
5.939923346060000040e+04	6.493844093737676237e-01	1.033433385910000057e-02
5.940122820599999977e+04	6.585035114227676400e-01	1.046374804470000079e-02
5.940522789349999948e+04	6.690536002027676066e-01	1.061359434259999922e-02
5.940724864579999849e+04	6.661392680617675977e-01	1.057218719079999932e-02
5.940921616899999935e+04	6.709667554477676266e-01	1.064078226489999918e-02
5.941118780089999927e+04	6.643261703347675962e-01	1.054643233440000043e-02
5.941424535879999894e+04	6.675622415437676427e-01	1.059240466130000058e-02
5.941920583330000227e+04	6.659226870327676906e-01	1.056911188999999987e-02
5.942319312499999796e+04	6.550855406217676036e-01	1.041522925320000070e-02
5.942521328699999867e+04	6.604651844957676321e-01	1.049160144109999998e-02
5.943020649309999862e+04	6.308820818317676382e-01	1.007207034550000081e-02
5.944316546299999754e+04	6.065075871147675990e-01	9.727227802789999156e-03
5.944718584489999921e+04	5.962408738457676272e-01	9.582205535380000638e-03
5.960044230319999770e+04	6.118503355567675994e-01	9.802750667500000417e-03
5.962349892359999649e+04	6.162612019817675924e-01	9.865128138800000057e-03
5.962538438660000247e+04	6.063710784597676762e-01	9.725298411329999851e-03
5.962837371529999655e+04	6.186716661587676747e-01	9.899226930220000539e-03
5.963044043979999697e+04	6.242571350347676518e-01	9.978267581890000459e-03
5.963737968749999709e+04	6.268148509067676954e-01	1.001447670839999970e-02
5.963942060189999756e+04	6.291282406667676463e-01	1.004723304589999998e-02
5.964142400459999772e+04	6.084297532167676215e-01	9.754394384789999775e-03
5.967537841440000193e+04	5.720478042927676920e-01	9.241020706680000071e-03
5.967731609949999984e+04	5.703023071017676582e-01	9.216435484490000454e-03
5.967931478010000137e+04	5.680786198677676424e-01	9.185121040630000316e-03
5.968239490739999746e+04	5.593344313067676321e-01	9.062047991090000157e-03
5.968429966440000135e+04	5.705329877137675920e-01	9.219683415000000729e-03
5.969341982640000060e+04	5.369781983877676135e-01	8.747875807230000300e-03
5.969537030090000189e+04	5.365746647497676713e-01	8.742211265259999461e-03
5.969728560190000280e+04	5.312398730107676936e-01	8.667350138760000766e-03
5.969989015044999542e+04	5.174075747434343509e-01	8.473452433566668052e-03
5.970134776039999997e+04	5.377248995397675424e-01	8.758384833965000490e-03
5.971123641199999838e+04	5.022243432887676384e-01	8.260920643160000673e-03
5.971733259260000341e+04	5.066685887427676560e-01	8.323091459220000043e-03
5.972235771414999908e+04	5.089560991042676452e-01	8.355108825054999994e-03
5.972431695600000239e+04	5.092560519027676813e-01	8.359300843199999470e-03
5.972631627309999749e+04	5.086622528087676454e-01	8.350989367780000533e-03
5.972937520829999994e+04	5.303967196817676033e-01	8.655521963139999400e-03
5.973131818290000228e+04	5.304695795507676781e-01	8.656544358759999530e-03
5.973527388890000293e+04	5.251479321437676484e-01	8.581914117270000517e-03
5.973719120370000019e+04	5.192057857987676384e-01	8.498632382460000190e-03
5.973919012729999667e+04	5.103976080967675966e-01	8.375278401399999934e-03
5.974234039350000239e+04	5.108387122567676908e-01	8.381453362809999572e-03
5.974424313660000189e+04	5.162834835747676099e-01	8.457694794439999872e-03
5.974825204859999940e+04	5.091288732447676324e-01	8.357520144550000668e-03
5.975423249999999825e+04	5.310694779047676617e-01	8.664959382589999468e-03
5.976021487270000216e+04	5.388487215427676391e-01	8.774134463519999566e-03
5.976220667819999653e+04	5.310778294867676275e-01	8.665076270469999550e-03
5.976421527780000179e+04	5.453689907177676766e-01	8.865707997039999622e-03
5.976619162040000083e+04	5.393206334627675957e-01	8.780760239250000321e-03
5.976925629630000185e+04	5.425332243917676545e-01	8.825874138700000315e-03
5.977124049189999641e+04	5.455393853512676694e-01	8.868105051295000624e-03
