58345.4955556	0.061721601058106396	0.004829887966384127
58351.5092361	0.04587294568881539	0.004467247380725027
58354.4475	0.03954999638085477	0.004469801413455056
58357.4417477	0.040592997480360216	0.004544604944458218
58360.5168519	0.04520794197640113	0.004656809464426736
58363.4366435	0.03855800037683596	0.004722445832821246
58366.4925463	0.03729327808878816	0.004851881760706242
58369.5176157	0.055920346035796153	0.005085845169431894
58372.5063542	0.06038575094284651	0.005053776339780283
58375.5040856	0.04979058323735969	0.005126988780168555
58378.5206481	0.0574806370633244	0.00493629744208836
58382.5153704	0.0622629950899618	0.0047019117398497
58385.94983795	0.058233959840217175	0.004883394373868168
58397.4416782	0.061998979516101116	0.005761487040254265
58422.8754456	0.07175183234023233	0.0066637750849012165
58424.3638831	0.05579305019097161	0.006544061742957524
58425.4224769	0.05307282564167998	0.006491621080578913
58428.85336805	0.06426219283392923	0.006571561941699736
58431.836886549994	0.07013976140463815	0.007127138066298222
58434.842638899994	0.08185712793175004	0.007463584935382409
58436.3085648	0.07254960194445453	0.007249316050845148
58437.3562674	0.06311872939017382	0.007069248817335182
58441.3176968	0.06572778184267286	0.00698130371188185
58443.3868866	0.0855066988872018	0.007027509605391599
58461.2970718	0.07125594296398782	0.006746296879253808
58462.3160417	0.06849310350102461	0.00671131193630872
58465.2968287	0.06623343963393463	0.007035278419414679
58468.2863542	0.07387781134517316	0.006982148833154124
58471.4046065	0.07417377732098324	0.0068519810513312
58476.3075347	0.07693022305532624	0.006673517604806273
58480.2957407	0.05787369847458565	0.006952932285429991
58482.215162	0.07381022129054118	0.006897270432938418
58487.261794	0.07919906590871745	0.006391402890532558
58490.2059491	0.07810133448784681	0.006371818356200213
58491.2409259	0.07539527320589234	0.0064425930787551
58493.7414178	0.0627882564741398	0.006554572855156959
58503.767528950004	0.08576931722588282	0.00664950961129375
58506.2418171	0.06837301596696996	0.006842844911631365
58507.7628646	0.06411741091002979	0.006921068409895816
58510.2555787	0.07074887893016821	0.006959167107511016
58514.1344444	0.08739372616235871	0.006587517825608203
58558.1704398	0.08124789295249601	0.006567005380897981
58585.1385417	0.07920129089082734	0.006362707514618392
58714.452419	0.07628868089972005	0.005118157086209827
58717.4864583	0.06502629729092954	0.004895373991680954
58722.4960995	0.06402872919271685	0.00464193033215419
58725.5040972	0.0631533556370687	0.00444471630852206
58730.489213	0.05378442660781818	0.004429010236733404
58732.4993866	0.051623242773979616	0.004415866898640653
58735.506331	0.04733374599024784	0.004359300968679761
58738.5188773	0.05622023302452686	0.004326359166049827
58741.4761343	0.049962334306890566	0.004279052265825905
58744.4658102	0.049785112441412024	0.004128286712616622
58756.4959144	0.04394511356169964	0.0046985007989335265
58759.4971296	0.04537106654867984	0.004747986291556448
58763.496875	0.04391033364081809	0.004785595918627636
58766.5022801	0.05568500580962915	0.0048171746623023905
58769.4459375	0.04710816112099861	0.005027349384835686
58772.5244676	0.04898641916300045	0.005165939244224576
58776.4407292	0.05753889182046637	0.005397525665103488
58779.3297454	0.04695165747516852	0.005346161782024533
58788.3354282	0.067610062718088	0.005354808529749502
58791.4711806	0.06466489799799216	0.0052539183267964785
58792.498831	0.06055395423577142	0.005160058937603623
58798.2991898	0.05860468299977431	0.004965281584895476
58799.3563079	0.056769805011400276	0.004981434342552154
58804.3336227	0.05327372614325021	0.005107230079290032
58805.3615278	0.05555116556513329	0.00506227418553608
58833.2609954	0.0614955925723924	0.005406868834374142
58835.4135301	0.09059942869401291	0.005669047944523386
58846.2750347	0.052512396148305135	0.005198258729716824
58850.132662	0.05339684974483516	0.005119092447130153
58853.16449075	0.054277573992261935	0.005058674035508751
58859.769033549994	0.060838831058394965	0.005061772814097429
58861.1890856	0.05854717732758247	0.005053529443169167
58862.2239236	0.05434043645332956	0.005029299906158455
58867.2332407	0.05066950137718759	0.005142384352269212
58871.2345023	0.062204624012085846	0.005246690567010007
58873.1640856	0.05534708351998871	0.005229382067794374
58877.1583102	0.048803157326224283	0.0052639280061777954
58878.1511343	0.06938614357376008	0.005471378381476832
58880.1931829	0.057370463837583485	0.0053290769065484946
58882.1661574	0.06277786757457121	0.005322354440746497
58886.1336458	0.05516640458573957	0.005129879671299954
58890.206794	0.05192335104602627	0.00553468956370185
58896.1583449	0.05521753724170281	0.005811805870878534
58898.1329282	0.06311395230276778	0.00596293684879526
58899.1426042	0.06382249747099125	0.006006633660304537
58900.224456	0.06235463960188939	0.006030688113768886
58903.1510532	0.05902259175262811	0.006103789329091357
58906.1755208	0.05139705208626	0.006329297188672389
58909.12008105	0.06095657241014385	0.006749983650953146
58913.1783796	0.0719080623918526	0.006300264797911341
59094.450162	0.09410025574678166	0.00806409183027331
59095.9326331	0.08795173098745956	0.007889360376643294
59108.4898611	0.0901985019672647	0.008091886558275507
59109.99447915	0.09538444331366058	0.00813100069136152
59111.993888900004	0.08294680798450443	0.007985349120164482
59113.9948669	0.08275122705031307	0.008015409392687134
59116.92041665	0.08562914519576909	0.00813655072067019
59118.5308681	0.08316703455494595	0.008080217944494952
59120.50471645	0.08667741596822631	0.008073427400241038
59122.92412615	0.08970365076662878	0.008009702535540661
59124.3488657	0.09945286944060999	0.008113976839161948
59125.945792800005	0.092697577499051	0.008086815684877534
59127.4982755	0.08633398440185036	0.008055646127523183
59134.4455093	0.09593370049047573	0.008284497963150294
59136.4642593	0.09271107518937721	0.008100024603659169
59141.3943634	0.08557553955425484	0.008099795870780586
59143.4534838	0.08285061932188298	0.008018397970911537
59145.358125	0.09130103144493246	0.007944099908175663
59149.4350116	0.09028997913210468	0.007998688646829077
59151.4413079	0.08880887820175881	0.007903222274997885
59153.4415741	0.08284050876399979	0.007686885884400054
59155.4325231	0.0920879167785626	0.007765438648266629
59164.5041667	0.09079793295623917	0.007722427977606848
59166.4262269	0.08848518002507494	0.007736040635697842
59168.3502778	0.10305989685198302	0.007773243535743209
59170.4013773	0.0805439960847183	0.007786319298320989
59175.36738425	0.08840713554071356	0.00804351412359762
59176.4056019	0.08943726915854783	0.008088203161161822
59179.330300949994	0.08894508115102229	0.007938023776138333
59180.8420544	0.0863072116121687	0.00796778340462682
59182.3725347	0.08756833770534461	0.007772390992023282
59186.3201389	0.09358820754106006	0.008921271265885926
59187.854293950004	0.07713152347197783	0.00817568841486412
59189.2407986	0.07271457896377576	0.008028980932716076
59193.26332755	0.08419335166769648	0.0077734396031153615
59194.3384144	0.08394670633379003	0.007638096894027949
59195.80650465	0.08971225086590867	0.007789791389263671
59198.7602662	0.09355487725969902	0.007691408481413682
59203.2369907	0.08168684683486332	0.00795347069318526
59205.2036574	0.09367431048217639	0.007609717113338825
59215.2373611	0.08438472250932871	0.007942242771932347
59219.267963	0.09173638564217051	0.007459266206204551
59221.2117014	0.09354319831284202	0.007209465397970143
59223.2573495	0.09572960663143965	0.007230738476273461
59225.2681597	0.0894376551285769	0.007187649592830669
59227.2551968	0.09237734193129377	0.006973303380471566
59229.2334375	0.10771614048557462	0.007343440443992699
59231.1941667	0.08803620993630853	0.007143750924119402
59233.2140162	0.08383413820275151	0.006779718658284452
59249.2040509	0.09111212783434366	0.006862552591903833
59251.2076736	0.08982262300787278	0.006858776023875506
59253.2838079	0.0862422856485385	0.007039565750601221
59255.2668519	0.09166275803482324	0.007027373847665323
59257.2387731	0.08142495923323187	0.006976781596680647
59262.1957523	0.08383572650779078	0.006822169168656647
59264.1703472	0.07030887577615683	0.006481911771606882
59268.2361458	0.08851694625600376	0.00611981801520252
59270.1497569	0.08375672482039914	0.0060542120884317105
59272.1942824	0.08098279232118907	0.006072659605106501
59274.2604051	0.12400585938033723	0.0064754443585331375
59276.1515856	0.0815235802967185	0.006047795377530088
59280.1642245	0.08161113765387809	0.006256485758240875
59291.1931713	0.07750806855162765	0.006753858848736633
59296.1565046	0.082512520027193	0.007044465105519886
59297.68489585	0.07884143143269592	0.006980094059746939
59301.1586227	0.07705388070398583	0.00689473599631185
59303.1644329	0.08002234692234128	0.006747310151005838
59306.2021181	0.08694635134233542	0.0066736788199850934
59308.178831	0.0772850139889914	0.006645208183766944
59310.1762616	0.09017325402453391	0.006840286762956363
59312.1801736	0.0656359139040816	0.0070693309831630835
59314.1597801	0.06682366574033569	0.007013382681367877
59316.1651736	0.058937947889649955	0.007061839092574867
59454.4531366	0.06615535348740828	0.0066844479240397246
59461.4941319	0.05922313748742161	0.006834172701227104
59464.4940278	0.05737910127723611	0.0068532080095182624
59466.4652894	0.054634202804469956	0.006677189784005418
59468.4963426	0.0714962812147637	0.006519549000774345
59470.9704977	0.06580560848780692	0.006679606213112702
59473.4640741	0.06029673307659808	0.006528909105705052
59476.440081	0.07235978668235954	0.0065753588762087955
59477.9905324	0.06570458281907049	0.006542829445700105
59479.454456	0.054491022192613786	0.006459032111445187
59480.4702083	0.0585642388456063	0.006483717323268068
59487.4844097	0.061847519849101	0.0061596430224453835
59489.4420139	0.058993900454494014	0.006148796973399014
59496.4274074	0.0664316900908963	0.006035887928268913
59498.3962153	0.0638074959810874	0.006010714806214018
59503.4200347	0.05943191946506407	0.0062298212460949656
59509.3461458	0.062273361547965034	0.006417018041615129
59521.4458102	0.0645661376733897	0.005621692985299931
59523.4932176	0.07751072073577467	0.005611209940722759
59525.3731944	0.0687667951917964	0.005620529637668968
59530.3608333	0.05377073226944529	0.005720508440022152
59532.4226389	0.056380457955708146	0.0056530429532819955
59623.2550463	0.049307519114707474	0.004295966310787718
59625.1505093	0.04552610741972239	0.004301547033674745
59636.1377199	0.044376839247584204	0.0045366445406803575
59640.2292361	0.04894980725663017	0.004663263689681811
59825.4565278	0.04272368748456781	0.005442993072035994
59827.4922801	0.05166740921979518	0.005407823408978614
59843.4506944	0.05551608899356042	0.005164274854671469
59846.4651273	0.05271010681150551	0.0052677650470413645
59848.4878472	0.060536692285798	0.005299881135353457
59850.4955903	0.06381168491328224	0.0053172411086932995
59853.3821991	0.07204843293009192	0.005159481975626216
59855.488044	0.05471051241082045	0.0049913513180370375
59857.404294	0.051563951243632444	0.005114436345987924
59859.4995949	0.05309868587053662	0.004993853759623105
59862.4815394	0.0570935340886021	0.004819288506627649
59864.3690394	0.05184224713281538	0.004869609647227108
59869.3710301	0.05306134114812483	0.0050111869064256315
59871.4135764	0.06266572190584446	0.005289542079725694
59873.4463194	0.0524396387096315	0.0050059026524646565
59876.4044444	0.06658029281052125	0.004989213337258905
59878.4660417	0.0508692950489108	0.00472254848736505
59880.4451042	0.04009348469439494	0.004636410426827662
59882.4647106	0.04993372376619648	0.004749664046987046
59889.3941551	0.051393558557083274	0.0049801738916900005
59896.3459375	0.0600390588753463	0.00512718434765338
59898.4021991	0.050775333960548175	0.005045499099152819
59902.3761111	0.04784694075877455	0.00549343227719948
59904.4483565	0.041305873478809985	0.0053292394744009226
59906.3784606	0.053428634808880965	0.005438118361625043
59909.3814352	0.048117421768584356	0.005641670582557407
59913.2776505	0.055651726055859	0.0058939866101332394
59923.3334954	0.0594977912542998	0.005908543308373256
59928.2915856	0.0568668230282299	0.005960773764525506
59934.2961806	0.05788737615892631	0.005975182895844089
