58205.47375	0.156405208327	0.00242150080308
58208.5265741	0.158787244053	0.00245049225631
58211.4995833	0.1668774097165	0.002549338752565
58228.4862153	0.123924852614	0.00203161317261
58231.462256950006	0.117268908123	0.001953083000475
58234.4645833	0.125242696953	0.00204722138346
58237.4021875	0.125720242793	0.00205288197766
58242.4404861	0.115864398418	0.00193656987833
58254.4414815	0.108427641472	0.00184955356882
58261.4640856	0.119770982199	0.00198254205245
58266.4627431	0.11354719524	0.00190938618881
58269.4618519	0.109394934117	0.00186083415123
58272.3990856	0.106924298847	0.00183204528666
58274.4583565	0.108047721029	0.00184512643694
58275.461331	0.103721027657	0.0017948329467
58278.4128704	0.0990232579893	0.00174049584717
58281.3998148	0.0911183844638	0.00164972878787
58287.4003009	0.0880879313286	0.00161516107373
58290.4201505	0.0846811624407	0.00157645844107
58293.4197569	0.084346528167	0.00157266685483
58296.4458681	0.0855920072038	0.0015867898099
58300.4461343	0.0939944933024	0.00168265468175
58303.4347569	0.10070550487	0.00175992110399
58310.3377431	0.112753286926	0.00190008746111
58313.3736343	0.109272684135	0.00185940839829
58316.3998958	0.110570891467	0.00187456357057
58319.3806713	0.10781192762	0.00184238031526
58322.4244792	0.106389314613	0.00182582115789
58325.4126157	0.101685074479	0.00177124952699
58331.3090394	0.0984709235309	0.00173412600503
58337.3730556	0.0929263354454	0.00167041245984
58346.3181366	0.0878551472658	0.00161251117153
58349.3671875	0.0824652938916	0.001551377884
58352.33875	0.0836406137651	0.00156467155301
58361.2277894	0.105147369201	0.00181138677583
58364.2303009	0.112050967571	0.00189186736886
58367.2764583	0.113028512217	0.00190330975376
58370.248206	0.111291913893	0.00188298976374
58373.2564236	0.118146812998	0.00196340805748
58376.2311343	0.132199560418	0.00212992783964
58379.3275926	0.134897906878	0.00216214462077
58382.2355556	0.141622811272	0.00224275883538
58385.1480787	0.155596997054	0.00241167612593
58388.1270833	0.156971067251	0.00242838323102
58400.1189583	0.18636656948	0.00278965467892
58426.1708449	0.197930358404	0.00293364718938
58429.1640509	0.201045710319	0.00297260688198
58432.1656944	0.210730021305	0.00309415507426
58435.1619676	0.21240914513	0.00311529572827
58469.1139005	0.205777558947	0.00303191586659
58472.1422801	0.210068633842	0.00308583425432
58482.1156597	0.22138939378	0.003228680851
58581.4913773	0.154600612813	0.00239957193572
58587.4977662	0.167786575814	0.00256046839134
58600.3810995	0.194853589722	0.00289523865295
58601.3897106	0.197730839877	0.00293115389193
58628.4620023	0.207381499827	0.00305205467742
58633.4439583	0.214911280127	0.00314683404402
58634.4771875	0.21419494194	0.00313780151495
58636.47875	0.220077483318	0.00321208385097
58639.4402662	0.231781735862	0.00336054963353
58642.4295602	0.232445536467	0.00336899499686
58645.4228241	0.223508483077	0.00325551376215
58648.4445949	0.218466681122	0.00319171960616
58654.88770255	0.20235170791649998	0.002989029292255
58661.9410243	0.196177875078	0.00291176698716
58663.4570486	0.199077606711	0.00294798631274
58665.4635532	0.196461208432	0.00291529783634
58668.3032292	0.209081694447	0.00307342119673
58674.4302662	0.213062201959	0.00312352377711
58678.8809259	0.19896556774250002	0.00294659607722
58680.4486806	0.195404252595	0.00290210746025
58682.471956	0.185513368403	0.00277907062401
58684.2851968	0.180427034479	0.00271609031595
58685.3830324	0.174673254096	0.00264509168086
58690.3003819	0.168100270026	0.0025643156206
58691.3292593	0.165330283733	0.00253038210737
58693.3163657	0.166755132986	0.00254782823101
58694.8289641	0.163678366737	0.002510181607525
58696.3278241	0.167784566843	0.00256044479411
58697.364646999995	0.1702880240575	0.00259116292967
58699.827777750004	0.17576541311274999	0.0026585626248850002
58700.8566146	0.17912812957825	0.0027000589675725004
58701.860625	0.17988951932866667	0.002709507369743333
58702.8608044	0.18308010624100002	0.0027489240052933333
58703.860885450005	0.18487125418033334	0.0027711443290466668
58704.8047222	0.1901555142095	0.002836735219565
58705.877343750006	0.18633166315075	0.0027892630586300003
58706.88202545	0.19158715540133334	0.0028546571738
58707.88649885	0.20016064011375	0.0029615462592824998
58709.31574075	0.20276703791833336	0.0029941856020666673
58710.8475	0.2026341454115	0.0029924992769000004
58712.84947915	0.208940765491	0.0030716633004600003
58716.8536227	0.2064370690865	0.003040195357185
58719.2796181	0.202407970846	0.00298966507631
58727.301875	0.215094849421	0.00314915028559
58730.2779514	0.218126891869	0.00318742705268
58736.2857176	0.219805427053	0.00320864306482
58737.2986921	0.215055627282	0.00314865462463
58739.1263194	0.215985407955	0.00316038628678
58745.2059375	0.21629137975	0.00316424751137
58761.2557986	0.228572096149	0.00331974901211
58765.2480671	0.219336450509	0.00320271330535
58768.2492593	0.217694978318	0.00318197065763
58771.1247106	0.217124089899	0.00317476060941
58776.1872222	0.218060202505	0.00318658397508
58779.1244213	0.213054352602	0.00312342423471
58782.2136227	0.21774470911	0.00318259845951
58785.1865972	0.217712623428	0.00318219316938
58788.1080324	0.21879007193	0.00319580673307
58791.1452662	0.205652508389	0.00303034573108
58794.1457292	0.214751996997	0.00314482585877
58797.1508854	0.219259124642	0.00320173750999
58805.091412	0.233158048169	0.00337806444642
58811.077037	0.216715119196	0.00316959745913
58833.1235764	0.204197307399	0.00301209083032
58837.1165162	0.205041047116	0.00302267328206
58944.4877083	0.255819243938	0.0036680930401
58955.4767708	0.270462595269	0.00385707258481
58963.42685765	0.279273231528	0.00397135716771
58966.4529745	0.278724542362	0.00396420815597
58972.4782523	0.280499189732	0.00398726835707
58975.4943519	0.270231026571	0.00385407487586
58981.4901273	0.269797555894	0.00384846402089
58984.96998265	0.27659830245600003	0.003936611507085
58992.4671991	0.265576480415	0.00379388378483
58995.3501042	0.258468969346	0.00370220189258
58998.4250694	0.26365135706	0.00376902384383
59001.4042477	0.262513481111	0.00375433916047
59004.4645255	0.261648356456	0.0037431787202
59010.4623727	0.267673890407	0.0038209926096
59013.390787	0.266465882449	0.00380537652241
59016.3644444	0.279136874292	0.00396956441488
59019.3543866	0.271428227764	0.00386957543979
59022.3694907	0.274470207766	0.00390899596808
59025.3539468	0.279692751303	0.0039767872851
59031.3371644	0.281692712046	0.00400278585897
59035.4452778	0.285762746354	0.00405575731617
59038.4780903	0.287239664679	0.00407500030364
59041.3754167	0.287175648896	0.00407416562784
59044.3392014	0.299176316694	0.00423092695005
59047.2788079	0.300861080627	0.00425299102125
59050.41337385	0.3023033193795	0.004271893302265
59053.3758796	0.299088153184	0.00422977261909
59056.4161343	0.298006688169	0.00421561705158
59059.8592824	0.293287269719	0.00415391132942
59062.4066435	0.28618798659300004	0.004061309189615
59065.2487384	0.276645245724	0.0039372109773
59066.84217595	0.27863276573999995	0.003963021310415
59068.896099499994	0.277603760783	0.0039496698502549995
59070.3590278	0.276411947637	0.00393418413605
59071.91592595	0.278933706791	0.00396693817487
59073.3748032	0.279757160355	0.00397762415815
59077.35278935	0.288254361568	0.004088253713715
59080.86144095	0.29396443047099996	0.00416276371671
59087.3203125	0.304029700069	0.00429452558891
59089.7743287	0.2988183345605	0.00422624641742
59091.7907581	0.29529077773150003	0.004180098742744999
59094.2276505	0.289403787848	0.00410321704688
59095.3329745	0.297244899416	0.00420564925567
59097.76991895	0.2986003851595	0.00422339107787
59113.1986458	0.305234212989	0.00431032693188
59115.2053125	0.306713442923	0.00432974260256
59116.2521586	0.30961581839450003	0.0043679181354650005
59117.2374653	0.300151978942	0.00424370249576
59119.2125347	0.307337257148	0.00433793325673
59120.2765625	0.299364026176	0.00423338466711
59122.72094325	0.299389491941	0.004233722359955
59125.2068345	0.3008945077465	0.004253433282805
59126.2666667	0.299951481325	0.00424107662563
59131.1937616	0.30778369637	0.00434379499712
59135.2414815	0.314383692894	0.00443057993693
59137.2145255	0.31832270091	0.00448247069642
59139.1848148	0.32045319876	0.00451056749605
59143.1821991	0.32469590473	0.00456657974437
59145.1942824	0.319315507925	0.00449556098588
59150.1622685	0.318178193002	0.00448056626583
59152.2420949	0.32485025429	0.00456861886524
59154.2815394	0.31977669606	0.00450164400839
59156.1197106	0.318024670308	0.00447854278739
59158.1601042	0.32263242398	0.00453932728054
59164.2081366	0.324680653233	0.00456637813269
59167.133125	0.313667852851	0.00442115729923
59169.1030903	0.311917406426	0.00439812668031
59171.1323148	0.312416247053	0.0044046886335
59177.1137269	0.305722646956	0.00431673627432
59179.1367708	0.31331270857	0.0044164833834
59181.1403819	0.318182588827	0.00448062400699
59184.1508912	0.313731850456	0.00442199986209
59189.1231944	0.316890201792	0.00446359144934
59199.1567824	0.316473107199	0.00445809580572
59203.1003472	0.321037977745	0.00451828256515
59205.1031019	0.316117989417	0.00445341855542
59300.5067593	0.329693216135	0.00463265913063
59305.5024884	0.311372039311	0.00439095364619
59308.4753125	0.319107940499	0.00449282363574
59311.4552199	0.317894936962	0.00447683237297
59314.4966319	0.315012662265	0.00443886108168
59317.4849769	0.315447878571	0.00444459259752
59320.4559028	0.307383683819	0.00433854246858
59323.4744792	0.3083511774	0.00435124951852
59328.4852894	0.289478831609	0.00410419625992
59335.4471181	0.280662772521	0.00398939467991
59338.4406481	0.287414060997	0.00407727333575
59340.4482292	0.288970434571	0.004097564963
59344.4716551	0.294832673829	0.00417410463541
59348.93668405	0.298171468117	0.00421779223434
59353.4081597	0.305049003807	0.00430789701171
59356.4468634	0.306070879203	0.00432130760552
59359.4608333	0.297827236027	0.00421326851632
59362.4237963	0.296719720386	0.0041987787513
59364.3836806	0.295192698445	0.00417881126157
59367.4311574	0.29370951157	0.00415942742217
59369.4047917	0.297906521886	0.0042143056955
59371.4097338	0.295638105828	0.00418463439122
59374.4064815	0.300759123894	0.00425165482055
59376.3818171	0.308839052264	0.00435765956353
59378.4372801	0.30827393855	0.0043502353021
59390.4208333	0.28664529065	0.00406725458767
59392.2981134	0.283815958237	0.00403040942928
59394.3750694	0.288891797473	0.00409653975947
59396.4402315	0.281876980778	0.00400518204208
59401.3832523	0.292486086129	0.0041434463485
59403.3792014	0.289146014876	0.00409985466867
59405.454213	0.290226330655	0.00411394798022
59408.374456	0.300188472586	0.00424418088895
59410.3731829	0.310575798917	0.00438048396478
59415.432581	0.299476542894	0.0042348571904
59418.3407755	0.292004813842	0.00413716132974
59424.2691088	0.291358176962	0.00412871913308
59426.3268403	0.286628658499	0.00406703840429
59428.2538542	0.295001898603	0.00417631664738
59430.3099306	0.298146153739	0.00421744206158
59435.2212731	0.297085880046	0.00420356915605
59438.3631944	0.3104196544	0.00437843153954
59440.288831	0.315759489366	0.00444869572419
59442.3009838	0.325920149647	0.00458275758651
59444.3515625	0.321554366253	0.0045250973091
59448.203669	0.302998173862	0.00428099839431
59450.2588773	0.303703090302	0.00429024230643
59452.3178009	0.303072974291	0.00428197908436
59454.2473611	0.303212297426	0.00428380619305
59458.2770023	0.316972372909	0.00446467427382
59460.3014699	0.311840710349	0.00439711791399
59462.3042245	0.311795046363	0.00439651742004
59464.2552778	0.307306970356	0.00433753476224
59466.3200579	0.304780243058	0.00430437031223
59468.2087384	0.304056863388	0.00429488201603
59470.236794	0.295418991397	0.00418176967618
59473.3728241	0.293223255424	0.00415307406588
59476.2389815	0.289535093866	0.00410493024791
59478.3210648	0.299812966157	0.00423926305268
59480.302419	0.295871825351	0.00418769027245
59484.1941319	0.30841224386	0.00435205161857
59487.220162	0.31362278788	0.004420563996
59489.2232523	0.310767798382	0.00438300869905
59491.2549653	0.305179397347	0.0043096075892
59502.2261574	0.28134915236	0.00399831789117
59504.2140278	0.286116175397	0.00406036132485
59510.2221875	0.275923068469	0.00392784050554
59517.1538542	0.270439180388	0.00385676973894
59522.1348264	0.25942797819	0.00371455565008
59523.6654861	0.26366969192699996	0.00376926020799
59525.122338	0.259741420349	0.00371859516647
59526.6665278	0.2601808809085	0.003724258345365
59529.1125116	0.256056385724	0.00367114430517
59531.1823032	0.254885782392	0.00365608747978
59532.1851505	0.25174196109	0.00361568872767
59540.1198958	0.255702168475	0.00366658753373
59542.1158796	0.242790008917	0.00350096646096
59673.4737384	0.25932405924	0.0037132167059
59676.4689352	0.262131499022	0.00374941057916
59678.49125	0.250616240631	0.00360123686336
59685.407581	0.247403142131	0.00356002695564
59689.4681481	0.232938465965	0.00337526831839
59694.4460648	0.241305716864	0.00348199018562
59697.4671181	0.233008203285	0.00337615666929
59700.4655093	0.237612460263	0.00343483196771
59702.4704051	0.237897134568	0.00343846376249
59711.4288542	0.229806554324	0.00333543393735
59714.4612269	0.21963482939	0.00320648605627
59723.4334259	0.227577441725	0.00330711841123
59725.4473032	0.228509368999	0.0033189519924
59727.4498032	0.230806699696	0.00334814847243
59733.4440278	0.241231940886	0.00348104800013
59735.4464699	0.241151968326	0.00348002533079
59737.4109259	0.238211328442	0.00344247304062
59739.409213	0.246672542994	0.00355066441604
59741.4580208	0.247912492108	0.00356655534129
59748.390162	0.239526523446	0.0034592615215
59750.3267361	0.239441823386	0.0034581805617
59752.43625	0.238857460737	0.00345072031064
59755.4111343	0.25278238731	0.00362905185851
59757.340734950005	0.2507695895845	0.003603207162385
59763.4076968	0.265003744809	0.00378648602686
59765.4004398	0.274526587154	0.00390972660281
59768.4209838	0.280459665074	0.00398675406819
59770.404108799994	0.27763765713800004	0.0039501017919250005
59781.2789699	0.281363145844	0.003998499672
59783.3285417	0.286375599309	0.00406374087542
59785.3543287	0.28630386512	0.00406280612254
59787.372338	0.290273380734	0.00411456149858
59789.3608796	0.297135410518	0.00420421696863
59793.2855324	0.311982914637	0.00439898829736
59795.3167824	0.312943266247	0.00441162235333
59798.3164352	0.307517341183	0.00434029755635
59802.3158449	0.298275519695	0.00421913549661
59805.4017361	0.295140773451	0.0041781324395
59807.3922454	0.291848060196	0.00413511489487
59809.3384838	0.28535508173	0.00405044749889
59811.2917477	0.292140394279	0.00413893189186
59813.2985069	0.283717425977	0.00402912706955
59815.2566319	0.273591632647	0.00389760556565
59817.298125	0.26720341913	0.00381490950245
59819.2801852	0.266789302166	0.00380955660529
59821.1728125	0.260502809245	0.00372840776347
59823.3128356	0.259191533426	0.003711508447
59825.3057407	0.257612665386	0.00369117503472
59827.2743519	0.25215083523	0.00362093980896
59839.23618635	0.23626081666499998	0.00341765350455
59841.229311350005	0.2311654726285	0.00335271655991
59843.2395949	0.225870134808	0.00328545266727
59845.2126273	0.223942030186	0.00326100744989
59847.2875347	0.22508907221	0.00327554700848
59849.2159144	0.226564369087	0.00329426025887
59851.2061111	0.225561207617	0.00328153449335
59853.2787037	0.218970298834	0.00319808464337
59855.2632176	0.220773026391	0.00322088230434
59857.2646412	0.213055726219	0.00312344138561
59859.2002546	0.212369630324	0.00311479854933
59861.1800694	0.220469040016	0.00321703581266
59863.1763194	0.221733856778	0.00323304073326
59865.1950347	0.234116709267	0.00339027139117
59872.182037	0.249358404836	0.00358509669677
59874.1851273	0.256210787343	0.00367313204194
59877.198206	0.263531668122	0.0037674782732
59879.2005093	0.262879070844	0.00375905609622
59881.1308218	0.2654938168	0.00379281599465
59883.1642245	0.263243714973	0.00376376202501
59888.1744676	0.274050381552	0.00390355186649
59890.1398727	0.270218582259	0.00385391367498
59895.163206	0.2690156904	0.00383834692146
59897.1373843	0.264669569555	0.00378217009047
59899.1315509	0.263585557834	0.00376817432151
59907.1219907	0.273527635382	0.00389677536616
59909.2009144	0.269233074761	0.00384115985222
